// MilkShape 3D ASCII

Frames: 30
Frame: 1

Meshes: 4
"Black" 1 0
45
1 0.029150 -27.999105 4.999999 0.065005 0.000156 -1
1 0.010281 -31.006968 0.000000 0.065001 0.000156 -1
1 30.010281 -1.006967 0.000000 0.073300 0.000156 -1
1 28.029150 0.023623 4.999999 0.072752 0.000156 -1
1 30.010283 6.993033 0.000000 0.073300 0.000156 -1
1 28.029152 6.000896 4.999999 0.072752 0.000156 -1
1 24.987555 12.015761 0.000000 0.071910 0.000156 -1
1 24.029150 10.000896 4.999999 0.071645 0.000156 -1
1 16.987555 12.015761 0.000000 0.069697 0.000156 -1
1 17.983696 9.978170 4.999999 0.069973 0.000156 -1
1 10.033009 4.993034 0.000000 0.067773 0.000156 -1
1 8.006424 0.000896 4.999999 0.067213 0.000156 -1
1 8.029146 22.000895 4.999999 0.067219 0.000155 -1
1 10.010277 23.015760 0.000000 0.067767 0.000155 -1
1 3.010278 30.015760 0.000000 0.065831 0.000155 -1
1 2.029147 28.000895 4.999999 0.065559 0.000155 -1
1 -3.012450 29.993032 0.000000 0.064164 0.000155 -1
1 -1.993581 28.000895 4.999999 0.064446 0.000155 -1
1 -10.012450 22.993032 0.000000 0.062228 0.000155 -1
1 -7.970854 22.023623 4.999999 0.062792 0.000155 -1
1 -9.989720 4.993031 0.000000 0.062234 0.000156 -1
1 -7.970853 0.000894 4.999999 0.062792 0.000156 -1
1 -17.993578 10.000895 4.999999 0.060020 0.000156 -1
1 -17.012447 12.015759 0.000000 0.060291 0.000156 -1
1 -25.012447 11.993031 0.000000 0.058078 0.000156 -1
1 -23.970852 10.000895 4.999999 0.058366 0.000156 -1
1 -27.948124 6.000894 4.999999 0.057266 0.000156 -1
1 -30.035175 6.993031 0.000000 0.056688 0.000156 -1
1 -27.970850 0.046348 4.999999 0.057259 0.000156 -1
1 -30.035173 -1.006969 0.000000 0.056688 0.000156 -1
1 2.029147 28.000895 -4.999999 0.065559 0.000155 -1
1 -1.993581 28.000895 -4.999999 0.064446 0.000155 -1
1 8.029146 22.000895 -4.999999 0.067219 0.000155 -1
1 8.006424 0.000896 -4.999999 0.067213 0.000156 -1
1 17.983696 9.978170 -4.999999 0.069973 0.000156 -1
1 24.029150 10.000896 -4.999999 0.071645 0.000156 -1
1 28.029152 6.000896 -4.999999 0.072752 0.000156 -1
1 28.029150 0.023623 -4.999999 0.072752 0.000156 -1
1 0.029150 -27.999105 -4.999999 0.065005 0.000156 -1
1 -27.970850 0.046348 -4.999999 0.057259 0.000156 -1
1 -27.948124 6.000894 -4.999999 0.057266 0.000156 -1
1 -23.970852 10.000895 -4.999999 0.058366 0.000156 -1
1 -17.993578 10.000895 -4.999999 0.060020 0.000156 -1
1 -7.970853 0.000894 -4.999999 0.062792 0.000156 -1
1 -7.970854 22.023623 -4.999999 0.062792 0.000155 -1
45
0.002932 -0.702732 0.711449
0.002601 -0.999997 0.000000
0.864921 -0.501909 0.000000
0.784181 -0.201250 0.586991
0.968388 0.249449 0.000000
0.695935 0.404489 0.593349
0.503320 0.864100 0.000000
0.201122 0.780788 0.591540
-0.252336 0.967640 -0.000000
-0.405170 0.690653 0.599029
0.401840 0.915710 0.000000
0.192797 0.446743 0.873642
0.782539 0.201745 0.589009
0.864588 0.502481 0.000000
0.377721 0.925920 -0.000000
0.303623 0.742900 0.596583
-0.250539 0.968106 -0.000000
-0.402693 0.693570 0.597326
-0.864320 0.502942 0.000000
-0.779547 0.200930 0.593240
-0.397723 0.917506 -0.000000
-0.194041 0.446460 0.873511
0.403397 0.693668 0.596738
0.248689 0.968583 0.000000
-0.502379 0.864647 0.000000
-0.202289 0.780905 0.590987
-0.686309 0.401138 0.606686
-0.967730 0.251990 -0.000000
-0.772359 -0.197468 0.603711
-0.864430 -0.502753 0.000000
0.303624 0.742900 -0.596583
-0.402693 0.693570 -0.597326
0.782539 0.201745 -0.589009
0.192797 0.446743 -0.873642
-0.405170 0.690653 -0.599029
0.201122 0.780788 -0.591540
0.695935 0.404489 -0.593349
0.784181 -0.201250 -0.586991
0.002932 -0.702732 -0.711449
-0.772359 -0.197468 -0.603711
-0.686309 0.401138 -0.606686
-0.202289 0.780905 -0.590987
0.403397 0.693668 -0.596738
-0.194041 0.446460 -0.873511
-0.779547 0.200930 -0.593240
60
1 0 1 2 0 1 2 1
1 2 3 0 2 3 0 1
1 3 2 4 3 2 4 1
1 4 5 3 4 5 3 1
1 5 4 6 5 4 6 1
1 6 7 5 6 7 5 1
1 7 6 8 7 6 8 1
1 8 9 7 8 9 7 1
1 8 10 9 8 10 9 1
1 9 10 11 9 10 11 1
1 11 10 12 11 10 12 1
1 12 10 13 12 10 13 1
1 13 14 15 13 14 15 1
1 15 12 13 15 12 13 1
1 15 14 16 15 14 16 1
1 16 17 15 16 17 15 1
1 17 16 18 17 16 18 1
1 18 19 17 18 19 17 1
1 19 18 20 19 18 20 1
1 20 21 19 20 21 19 1
1 21 20 22 21 20 22 1
1 22 20 23 22 20 23 1
1 23 24 25 23 24 25 1
1 25 22 23 25 22 23 1
1 25 24 26 25 24 26 1
1 26 24 27 26 24 27 1
1 27 28 26 27 28 26 1
1 27 29 28 27 29 28 1
1 28 29 0 28 29 0 1
1 0 29 1 0 29 1 1
1 30 31 16 30 31 16 1
1 16 14 30 16 14 30 1
1 30 14 13 30 14 13 1
1 13 32 30 13 32 30 1
1 32 13 10 32 13 10 1
1 10 33 32 10 33 32 1
1 33 10 34 33 10 34 1
1 34 10 8 34 10 8 1
1 8 35 34 8 35 34 1
1 8 6 35 8 6 35 1
1 35 6 36 35 6 36 1
1 36 6 4 36 6 4 1
1 4 37 36 4 37 36 1
1 4 2 37 4 2 37 1
1 37 2 38 37 2 38 1
1 38 2 1 38 2 1 1
1 1 29 38 1 29 38 1
1 38 29 39 38 29 39 1
1 39 29 27 39 29 27 1
1 27 40 39 27 40 39 1
1 40 27 24 40 27 24 1
1 24 41 40 24 41 40 1
1 41 24 23 41 24 23 1
1 23 42 41 23 42 41 1
1 20 42 23 20 42 23 1
1 20 43 42 20 43 42 1
1 43 20 44 43 20 44 1
1 44 20 18 44 20 18 1
1 44 18 31 44 18 31 1
1 31 18 16 31 18 16 1
"Outside" 0 1
72
0 2.029147 28.000895 4.999999 0.004210 0.008075 -1
0 -0.987963 26.003908 4.999999 0.004210 0.043293 -1
0 1.012037 26.003908 4.999999 0.004210 0.043293 -1
0 -1.993581 28.000895 4.999999 0.004210 0.008075 -1
0 -7.970854 22.023623 4.999999 0.004210 0.113488 -1
0 -5.987962 21.023909 4.999999 0.004210 0.131118 -1
0 8.029146 22.000895 4.999999 0.004210 0.113889 -1
0 6.008218 21.017702 4.999999 0.004210 0.131228 -1
0 -7.970853 0.000894 4.999999 0.004210 0.501870 -1
0 -5.995701 0.539155 4.999999 0.004210 0.492378 -1
0 -6.980797 -0.986500 4.999999 0.004210 0.519284 -1
0 -7.980797 -1.486500 4.999999 0.004210 0.528102 -1
0 -9.990721 -1.006439 4.999999 0.004210 0.519635 -1
0 -17.993578 10.000895 4.999999 0.004210 0.325515 -1
0 -18.990723 8.010803 4.999999 0.004210 0.360612 -1
0 -23.970852 10.000895 4.999999 0.004210 0.325515 -1
0 -23.007963 8.028046 4.999999 0.004210 0.360307 -1
0 -27.948124 6.000894 4.999999 0.004210 0.396057 -1
0 -25.990721 5.010804 4.999999 0.004210 0.413518 -1
0 -27.970850 0.046348 4.999999 0.004210 0.501069 -1
0 -25.990721 1.028045 4.999999 0.004210 0.483757 -1
0 0.029150 -27.999105 4.999999 0.004210 0.995666 -1
0 0.026521 -24.989195 4.999999 0.004210 0.942584 -1
0 26.043762 1.028045 4.999999 0.004210 0.483757 -1
0 28.029150 0.023623 4.999999 0.004210 0.501469 -1
0 28.029152 6.000896 4.999999 0.004210 0.396057 -1
0 26.026522 5.028045 4.999999 0.004210 0.413214 -1
0 24.029150 10.000896 4.999999 0.004210 0.325515 -1
0 23.026522 8.010805 4.999999 0.004210 0.360612 -1
0 17.983696 9.978170 4.999999 0.004210 0.325916 -1
0 19.023603 8.002317 4.999999 0.004210 0.360761 -1
0 10.023603 -1.025462 4.999999 0.004210 0.519971 -1
0 8.006424 0.000896 4.999999 0.004210 0.501870 -1
0 8.019203 -1.503167 4.999999 0.004210 0.528396 -1
0 7.019203 -0.986500 4.999999 0.004210 0.519284 -1
0 6.008219 0.468983 4.999999 0.004210 0.493616 -1
0 1.012037 26.003908 -4.999999 0.004210 0.043293 -1
0 -0.987963 26.003908 -4.999999 0.004210 0.043293 -1
0 2.029147 28.000895 -4.999999 0.004210 0.008075 -1
0 -1.993581 28.000895 -4.999999 0.004210 0.008075 -1
0 -7.970854 22.023623 -4.999999 0.004210 0.113488 -1
0 -5.987962 21.023909 -4.999999 0.004210 0.131118 -1
0 8.029146 22.000895 -4.999999 0.004210 0.113889 -1
0 6.008218 21.017702 -4.999999 0.004210 0.131228 -1
0 -7.970853 0.000894 -4.999999 0.004210 0.501870 -1
0 -5.995701 0.539155 -4.999999 0.004210 0.492378 -1
0 -6.980797 -0.986500 -4.999999 0.004210 0.519284 -1
0 -7.980797 -1.486500 -4.999999 0.004210 0.528102 -1
0 -9.990721 -1.006439 -4.999999 0.004210 0.519635 -1
0 -17.993578 10.000895 -4.999999 0.004210 0.325515 -1
0 -18.990723 8.010803 -4.999999 0.004210 0.360612 -1
0 -23.970852 10.000895 -4.999999 0.004210 0.325515 -1
0 -23.007963 8.028046 -4.999999 0.004210 0.360307 -1
0 -27.948124 6.000894 -4.999999 0.004210 0.396057 -1
0 -25.990721 5.010804 -4.999999 0.004210 0.413518 -1
0 -27.970850 0.046348 -4.999999 0.004210 0.501069 -1
0 -25.990721 1.028045 -4.999999 0.004210 0.483757 -1
0 0.029150 -27.999105 -4.999999 0.004210 0.995666 -1
0 0.026521 -24.989195 -4.999999 0.004210 0.942584 -1
0 26.043762 1.028045 -4.999999 0.004210 0.483757 -1
0 28.029150 0.023623 -4.999999 0.004210 0.501469 -1
0 26.026522 5.028045 -4.999999 0.004210 0.413214 -1
0 28.029152 6.000896 -4.999999 0.004210 0.396057 -1
0 23.026522 8.010805 -4.999999 0.004210 0.360612 -1
0 24.029150 10.000896 -4.999999 0.004210 0.325515 -1
0 19.023603 8.002317 -4.999999 0.004210 0.360761 -1
0 17.983696 9.978170 -4.999999 0.004210 0.325916 -1
0 10.023603 -1.025462 -4.999999 0.004210 0.519971 -1
0 8.006424 0.000896 -4.999999 0.004210 0.501870 -1
0 8.019203 -1.503167 -4.999999 0.004210 0.528396 -1
0 7.019203 -0.986500 -4.999999 0.004210 0.519284 -1
0 6.008219 0.468983 -4.999999 0.004210 0.493616 -1
2
0.000000 0.000000 1.000000
0.000000 0.000000 -1.000000
72
0 0 1 2 0 0 0 1
0 0 3 1 0 0 0 1
0 1 3 4 0 0 0 1
0 4 5 1 0 0 0 1
0 0 2 6 0 0 0 1
0 6 2 7 0 0 0 1
0 5 4 8 0 0 0 1
0 8 9 5 0 0 0 1
0 8 10 9 0 0 0 1
0 8 11 10 0 0 0 1
0 8 12 11 0 0 0 1
0 12 8 13 0 0 0 1
0 13 14 12 0 0 0 1
0 14 13 15 0 0 0 1
0 15 16 14 0 0 0 1
0 16 15 17 0 0 0 1
0 17 18 16 0 0 0 1
0 17 19 18 0 0 0 1
0 18 19 20 0 0 0 1
0 20 19 21 0 0 0 1
0 21 22 20 0 0 0 1
0 22 21 23 0 0 0 1
0 23 21 24 0 0 0 1
0 24 25 26 0 0 0 1
0 26 23 24 0 0 0 1
0 25 27 28 0 0 0 1
0 28 26 25 0 0 0 1
0 27 29 30 0 0 0 1
0 30 28 27 0 0 0 1
0 30 29 31 0 0 0 1
0 31 29 32 0 0 0 1
0 33 31 32 0 0 0 1
0 32 34 33 0 0 0 1
0 34 32 35 0 0 0 1
0 35 32 7 0 0 0 1
0 7 32 6 0 0 0 1
0 36 37 38 1 1 1 1
0 37 39 38 1 1 1 1
0 40 39 37 1 1 1 1
0 37 41 40 1 1 1 1
0 42 36 38 1 1 1 1
0 43 36 42 1 1 1 1
0 44 40 41 1 1 1 1
0 41 45 44 1 1 1 1
0 45 46 44 1 1 1 1
0 46 47 44 1 1 1 1
0 47 48 44 1 1 1 1
0 49 44 48 1 1 1 1
0 48 50 49 1 1 1 1
0 51 49 50 1 1 1 1
0 50 52 51 1 1 1 1
0 53 51 52 1 1 1 1
0 52 54 53 1 1 1 1
0 54 55 53 1 1 1 1
0 56 55 54 1 1 1 1
0 57 55 56 1 1 1 1
0 56 58 57 1 1 1 1
0 59 57 58 1 1 1 1
0 60 57 59 1 1 1 1
0 61 62 60 1 1 1 1
0 60 59 61 1 1 1 1
0 63 64 62 1 1 1 1
0 62 61 63 1 1 1 1
0 65 66 64 1 1 1 1
0 64 63 65 1 1 1 1
0 67 66 65 1 1 1 1
0 68 66 67 1 1 1 1
0 68 67 69 1 1 1 1
0 69 70 68 1 1 1 1
0 71 68 70 1 1 1 1
0 43 68 71 1 1 1 1
0 42 68 43 1 1 1 1
"Inside" 0 2
120
0 0.000825 -8.016326 -3.000000 0.001586 0.670323 -1
0 -2.999175 -4.992517 -3.000000 0.001586 0.601206 -1
0 3.000825 -4.992517 -3.000000 0.001586 0.601206 -1
0 1.000825 3.031293 -3.000000 0.001586 0.417802 -1
0 3.000824 5.031293 -3.000000 0.001586 0.372087 -1
0 -2.999175 5.007484 -3.000000 0.001586 0.372631 -1
0 -0.951556 3.007484 -3.000000 0.001586 0.418346 -1
0 3.030587 19.009838 -3.000000 0.001586 0.052572 -1
0 3.024634 9.007483 -3.000000 0.001586 0.281201 -1
0 2.007331 20.033092 -3.000000 0.001586 0.029183 -1
0 -2.992669 19.033092 -3.000000 0.001586 0.052040 -1
0 -1.992669 20.009838 -3.000000 0.001586 0.029714 -1
0 -2.999175 9.007483 -3.000000 0.001586 0.281201 -1
0 -1.022985 6.983674 -3.000000 0.001586 0.327460 -1
0 1.000825 6.983674 -3.000000 0.001586 0.327460 -1
0 -0.006068 -21.018208 -3.000000 0.001586 0.967514 -1
0 -1.009827 -10.997529 -3.000000 0.001586 0.738466 -1
0 0.990173 -10.997529 -3.000000 0.001586 0.738466 -1
0 -7.974154 -7.014760 -3.000000 0.001586 0.647430 -1
0 -4.996882 -7.014760 -3.000000 0.001586 0.647430 -1
0 5.003118 -6.992033 -3.000000 0.001586 0.646910 -1
0 8.003119 -6.992033 -3.000000 0.001586 0.646910 -1
0 -22.006069 1.034427 -3.000000 0.001585 0.463445 -1
0 22.025845 1.007967 -3.000000 0.001586 0.464050 -1
0 19.025845 4.007967 -3.000000 0.001586 0.395477 -1
0 -19.032383 4.008111 -3.000000 0.001585 0.395474 -1
0 -22.006069 4.008111 -3.000000 0.001585 0.395474 -1
0 22.025845 4.007967 -3.000000 0.001586 0.395477 -1
0 3.000825 -4.992517 3.000000 0.001586 0.601206 -1
0 -2.999175 -4.992517 3.000000 0.001586 0.601206 -1
0 0.000825 -8.016326 3.000000 0.001586 0.670323 -1
0 3.000824 5.031293 3.000000 0.001586 0.372087 -1
0 1.000825 3.031293 3.000000 0.001586 0.417802 -1
0 -0.951556 3.007484 3.000000 0.001586 0.418346 -1
0 -2.999175 5.007484 3.000000 0.001586 0.372631 -1
0 2.007331 20.033092 3.000000 0.001586 0.029183 -1
0 3.024634 9.007483 3.000000 0.001586 0.281201 -1
0 3.030587 19.009838 3.000000 0.001586 0.052572 -1
0 -2.999175 9.007483 3.000000 0.001586 0.281201 -1
0 -1.992669 20.009838 3.000000 0.001586 0.029714 -1
0 -2.992669 19.033092 3.000000 0.001586 0.052040 -1
0 -1.022985 6.983674 3.000000 0.001586 0.327460 -1
0 1.000825 6.983674 3.000000 0.001586 0.327460 -1
0 0.990173 -10.997529 3.000000 0.001586 0.738466 -1
0 -1.009827 -10.997529 3.000000 0.001586 0.738466 -1
0 -0.006068 -21.018208 3.000000 0.001586 0.967514 -1
0 -4.996882 -7.014760 3.000000 0.001586 0.647430 -1
0 -7.974154 -7.014760 3.000000 0.001586 0.647430 -1
0 5.003118 -6.992033 3.000000 0.001586 0.646910 -1
0 8.003119 -6.992033 3.000000 0.001586 0.646910 -1
0 -22.006069 1.034427 3.000000 0.001585 0.463445 -1
0 22.025845 1.007967 3.000000 0.001586 0.464050 -1
0 19.025845 4.007967 3.000000 0.001586 0.395477 -1
0 -19.032383 4.008111 3.000000 0.001585 0.395474 -1
0 -22.006069 4.008111 3.000000 0.001585 0.395474 -1
0 22.025845 4.007967 3.000000 0.001586 0.395477 -1
0 -2.028030 21.011059 -5.000000 0.001586 0.006829 -1
0 1.988919 21.011059 -5.000000 0.001586 0.006829 -1
0 4.005868 19.011059 -5.000000 0.001586 0.052544 -1
0 4.001142 8.995085 -5.000000 0.001586 0.281484 -1
0 1.016767 6.010711 -5.000000 0.001586 0.349700 -1
0 -0.998858 5.995086 -5.000000 0.001586 0.350057 -1
0 -4.014483 8.995085 -5.000000 0.001586 0.281484 -1
0 -4.028030 18.994110 -5.000000 0.001586 0.052931 -1
0 -1.003361 4.001674 -5.000000 0.001586 0.395621 -1
0 0.983981 4.014333 -5.000000 0.001586 0.395332 -1
0 3.009297 6.001674 -5.000000 0.001586 0.349906 -1
0 3.996639 6.014333 -5.000000 0.001586 0.349617 -1
0 -3.003361 6.014333 -5.000000 0.001586 0.349617 -1
0 -4.016019 6.014333 -5.000000 0.001586 0.349617 -1
0 3.996639 -4.998326 -5.000000 0.001586 0.601339 -1
0 -4.003361 -4.998326 -5.000000 0.001586 0.601339 -1
0 -0.003361 -9.010984 -5.000000 0.001586 0.693058 -1
0 0.995619 -10.007179 -5.000000 0.001586 0.715829 -1
0 -1.004381 -10.007179 -5.000000 0.001586 0.715829 -1
0 -5.021330 -5.990230 -5.000000 0.001586 0.624011 -1
0 4.995619 -5.990230 -5.000000 0.001586 0.624011 -1
0 7.992096 -6.018801 -5.000000 0.001586 0.624664 -1
0 -8.004382 -6.007180 -5.000000 0.001586 0.624399 -1
0 -0.002961 -22.002113 -5.000000 0.001586 0.990003 -1
0 -23.021332 1.009769 -5.000000 0.001585 0.464009 -1
0 22.997040 0.997887 -5.000000 0.001586 0.464280 -1
0 22.997040 4.020615 -5.000000 0.001586 0.395188 -1
0 21.997040 5.020615 -5.000000 0.001586 0.372331 -1
0 19.006918 5.008924 -5.000000 0.001586 0.372598 -1
0 -19.021334 5.009769 -5.000000 0.001585 0.372579 -1
0 -22.021334 5.026718 -5.000000 0.001585 0.372191 -1
0 -23.004383 3.992820 -5.000000 0.001585 0.395824 -1
0 -2.028030 21.011059 5.000000 0.001586 0.006829 -1
0 1.988919 21.011059 5.000000 0.001586 0.006829 -1
0 -4.028030 18.994110 5.000000 0.001586 0.052931 -1
0 4.005868 19.011059 5.000000 0.001586 0.052544 -1
0 4.001142 8.995085 5.000000 0.001586 0.281484 -1
0 -4.014483 8.995085 5.000000 0.001586 0.281484 -1
0 -0.998858 5.995086 5.000000 0.001586 0.350057 -1
0 1.016767 6.010711 5.000000 0.001586 0.349700 -1
0 -1.003361 4.001674 5.000000 0.001586 0.395621 -1
0 0.983981 4.014333 5.000000 0.001586 0.395332 -1
0 3.009297 6.001674 5.000000 0.001586 0.349906 -1
0 3.996639 6.014333 5.000000 0.001586 0.349617 -1
0 -3.003361 6.014333 5.000000 0.001586 0.349617 -1
0 -4.016019 6.014333 5.000000 0.001586 0.349617 -1
0 -4.003361 -4.998326 5.000000 0.001586 0.601339 -1
0 3.996639 -4.998326 5.000000 0.001586 0.601339 -1
0 -0.003361 -9.010984 5.000000 0.001586 0.693058 -1
0 0.995619 -10.007179 5.000000 0.001586 0.715829 -1
0 -1.004381 -10.007179 5.000000 0.001586 0.715829 -1
0 4.995619 -5.990230 5.000000 0.001586 0.624011 -1
0 7.992096 -6.018801 5.000000 0.001586 0.624664 -1
0 19.006918 5.008924 5.000000 0.001586 0.372598 -1
0 21.997040 5.020615 5.000000 0.001586 0.372331 -1
0 22.997040 4.020615 5.000000 0.001586 0.395188 -1
0 22.997040 0.997887 5.000000 0.001586 0.464280 -1
0 -5.021330 -5.990230 5.000000 0.001586 0.624011 -1
0 -8.004382 -6.007180 5.000000 0.001586 0.624399 -1
0 -19.021334 5.009769 5.000000 0.001585 0.372579 -1
0 -22.021334 5.026718 5.000000 0.001585 0.372191 -1
0 -23.004383 3.992820 5.000000 0.001585 0.395824 -1
0 -23.021332 1.009769 5.000000 0.001585 0.464009 -1
0 -0.002961 -22.002113 5.000000 0.001586 0.990003 -1
120
-0.000353 0.751387 -0.659862
0.376460 0.159796 -0.912548
-0.308273 0.130798 -0.942263
0.273570 -0.637181 -0.720528
-0.338913 -0.479364 -0.809536
0.340723 -0.473065 -0.812476
-0.272043 -0.461163 -0.844583
-0.730933 -0.197844 -0.653143
-0.390175 0.233294 -0.890695
-0.234479 -0.552486 -0.799862
0.721645 -0.199677 -0.662840
0.328142 -0.549597 -0.768288
0.389351 0.231582 -0.891502
0.209070 0.480558 -0.851677
-0.199678 0.729234 -0.654482
-0.000371 0.304881 -0.952390
-0.162336 -0.598999 -0.784122
0.205075 -0.480948 -0.852428
-0.273981 -0.457996 -0.845679
-0.269795 -0.633160 -0.725479
0.269933 -0.636375 -0.722608
0.274238 -0.459394 -0.844837
0.374265 0.159414 -0.913517
-0.379339 0.161690 -0.911021
0.203664 -0.478199 -0.854311
-0.203765 -0.478584 -0.854071
0.527008 -0.521735 -0.670862
-0.528695 -0.526716 -0.665622
-0.308273 0.130798 0.942263
0.376460 0.159796 0.912548
-0.000353 0.751387 0.659862
-0.338913 -0.479364 0.809536
0.273570 -0.637181 0.720528
-0.272043 -0.461163 0.844583
0.340723 -0.473065 0.812476
-0.234479 -0.552486 0.799862
-0.390175 0.233294 0.890695
-0.730933 -0.197844 0.653143
0.389351 0.231582 0.891502
0.328142 -0.549597 0.768288
0.721645 -0.199677 0.662840
0.209070 0.480558 0.851677
-0.199678 0.729234 0.654482
0.205075 -0.480948 0.852428
-0.162336 -0.598999 0.784122
-0.000371 0.304881 0.952390
-0.269795 -0.633160 0.725479
-0.273981 -0.457996 0.845679
0.269933 -0.636375 0.722608
0.274238 -0.459394 0.844837
0.374265 0.159414 0.913517
-0.379339 0.161690 0.911021
0.203664 -0.478199 0.854311
-0.203765 -0.478584 0.854071
0.527008 -0.521735 0.670862
-0.528695 -0.526716 0.665622
0.237872 -0.868338 -0.435209
-0.356713 -0.840544 -0.407728
-0.791355 -0.474771 -0.385163
-0.872587 0.236631 -0.427315
-0.474538 0.790046 -0.388126
0.357668 0.837573 -0.412971
0.864593 0.236125 -0.443535
0.784583 -0.473185 -0.400657
-0.233083 -0.873907 -0.426566
0.355125 -0.837766 -0.414770
0.473434 -0.791513 -0.386480
-0.574178 -0.584582 -0.573221
-0.471014 -0.791164 -0.390135
0.574889 -0.575252 -0.581882
-0.836695 0.355795 -0.416354
0.834796 0.355647 -0.420274
-0.000416 0.895382 -0.445299
0.357230 -0.836540 -0.415436
-0.471915 -0.789372 -0.392668
-0.354459 -0.833982 -0.422887
0.353385 -0.835884 -0.420020
0.233778 -0.871970 -0.430134
-0.234970 -0.868421 -0.436617
0.000236 0.897297 -0.441427
0.834814 0.354901 -0.420869
-0.839160 0.357586 -0.409809
-0.839187 -0.357569 -0.409768
-0.355944 -0.835785 -0.418051
0.357437 -0.834537 -0.419268
-0.357859 -0.834589 -0.418806
0.364561 -0.828633 -0.424808
0.839778 -0.348260 -0.416518
0.237872 -0.868338 0.435209
-0.356713 -0.840544 0.407728
0.784583 -0.473185 0.400657
-0.791355 -0.474771 0.385163
-0.872587 0.236631 0.427315
0.864593 0.236125 0.443535
0.357668 0.837573 0.412971
-0.474538 0.790046 0.388126
-0.233083 -0.873907 0.426566
0.355125 -0.837766 0.414770
0.473434 -0.791513 0.386480
-0.574178 -0.584582 0.573221
-0.471014 -0.791164 0.390135
0.574889 -0.575252 0.581882
0.834796 0.355647 0.420274
-0.836695 0.355795 0.416354
-0.000416 0.895382 0.445299
0.357230 -0.836540 0.415436
-0.471915 -0.789372 0.392668
0.353385 -0.835884 0.420020
0.233778 -0.871970 0.430134
0.357437 -0.834537 0.419268
-0.355944 -0.835785 0.418051
-0.839187 -0.357569 0.409768
-0.839160 0.357586 0.409809
-0.354459 -0.833982 0.422887
-0.234970 -0.868421 0.436617
-0.357859 -0.834589 0.418806
0.364561 -0.828633 0.424808
0.839778 -0.348260 0.416518
0.834814 0.354901 0.420869
0.000236 0.897297 0.441427
164
0 0 1 2 0 1 2 1
0 2 3 4 2 3 4 1
0 1 5 6 1 5 6 1
0 6 3 2 6 3 2 1
0 2 1 6 2 1 6 1
0 7 8 9 7 8 9 1
0 10 11 12 10 11 12 1
0 12 11 9 12 11 9 1
0 9 8 12 9 8 12 1
0 13 12 8 13 12 8 1
0 8 14 13 8 14 13 1
0 15 16 17 15 16 17 1
0 15 18 19 15 18 19 1
0 19 16 15 19 16 15 1
0 15 17 20 15 17 20 1
0 20 21 15 20 21 15 1
0 15 22 18 15 22 18 1
0 15 21 23 15 21 23 1
0 23 21 24 23 21 24 1
0 18 22 25 18 22 25 1
0 25 22 26 25 22 26 1
0 23 24 27 23 24 27 1
0 28 29 30 28 29 30 1
0 31 32 28 31 32 28 1
0 33 34 29 33 34 29 1
0 28 32 33 28 32 33 1
0 33 29 28 33 29 28 1
0 35 36 37 35 36 37 1
0 38 39 40 38 39 40 1
0 35 39 38 35 39 38 1
0 38 36 35 38 36 35 1
0 36 38 41 36 38 41 1
0 41 42 36 41 42 36 1
0 43 44 45 43 44 45 1
0 46 47 45 46 47 45 1
0 45 44 46 45 44 46 1
0 48 43 45 48 43 45 1
0 45 49 48 45 49 48 1
0 47 50 45 47 50 45 1
0 51 49 45 51 49 45 1
0 52 49 51 52 49 51 1
0 53 50 47 53 50 47 1
0 54 50 53 54 50 53 1
0 55 52 51 55 52 51 1
0 9 11 56 9 11 56 1
0 9 56 57 9 56 57 1
0 57 58 9 57 58 9 1
0 9 58 7 9 58 7 1
0 7 58 59 7 58 59 1
0 59 8 7 59 8 7 1
0 8 59 60 8 59 60 1
0 60 14 8 60 14 8 1
0 61 14 60 61 14 60 1
0 61 13 14 61 13 14 1
0 13 61 12 13 61 12 1
0 12 61 62 12 61 62 1
0 62 63 10 62 63 10 1
0 10 12 62 10 12 62 1
0 10 63 11 10 63 11 1
0 11 63 56 11 63 56 1
0 3 6 64 3 6 64 1
0 64 65 3 64 65 3 1
0 3 65 66 3 65 66 1
0 66 4 3 66 4 3 1
0 4 66 67 4 66 67 1
0 64 6 68 64 6 68 1
0 68 6 5 68 6 5 1
0 5 69 68 5 69 68 1
0 70 4 67 70 4 67 1
0 70 2 4 70 2 4 1
0 1 71 5 1 71 5 1
0 5 71 69 5 71 69 1
0 0 72 71 0 72 71 1
0 71 1 0 71 1 0 1
0 70 0 2 70 0 2 1
0 70 72 0 70 72 0 1
0 73 17 16 73 17 16 1
0 16 74 73 16 74 73 1
0 16 19 74 16 19 74 1
0 74 19 75 74 19 75 1
0 20 17 73 20 17 73 1
0 73 76 20 73 76 20 1
0 20 76 77 20 76 77 1
0 75 19 78 75 19 78 1
0 78 19 18 78 19 18 1
0 20 77 21 20 77 21 1
0 15 79 80 15 79 80 1
0 80 22 15 80 22 15 1
0 79 15 81 79 15 81 1
0 23 81 15 23 81 15 1
0 81 23 27 81 23 27 1
0 27 82 81 27 82 81 1
0 27 83 82 27 83 82 1
0 83 27 84 83 27 84 1
0 84 27 24 84 27 24 1
0 84 24 21 84 24 21 1
0 21 77 84 21 77 84 1
0 78 18 85 78 18 85 1
0 25 85 18 25 85 18 1
0 85 25 26 85 25 26 1
0 26 86 85 26 86 85 1
0 86 26 87 86 26 87 1
0 87 26 80 87 26 80 1
0 26 22 80 26 22 80 1
0 88 39 35 88 39 35 1
0 35 89 88 35 89 88 1
0 88 90 39 88 90 39 1
0 39 90 40 39 90 40 1
0 35 37 91 35 37 91 1
0 91 89 35 91 89 35 1
0 91 37 92 91 37 92 1
0 92 37 36 92 37 36 1
0 93 38 40 93 38 40 1
0 40 90 93 40 90 93 1
0 38 93 94 38 93 94 1
0 94 41 38 94 41 38 1
0 42 41 94 42 41 94 1
0 94 95 42 94 95 42 1
0 42 95 36 42 95 36 1
0 36 95 92 36 95 92 1
0 96 33 32 96 33 32 1
0 32 97 96 32 97 96 1
0 97 32 98 97 32 98 1
0 98 32 31 98 32 31 1
0 31 99 98 31 99 98 1
0 33 96 100 33 96 100 1
0 100 34 33 100 34 33 1
0 34 100 101 34 100 101 1
0 101 102 34 101 102 34 1
0 34 102 29 34 102 29 1
0 28 103 31 28 103 31 1
0 31 103 99 31 103 99 1
0 103 28 30 103 28 30 1
0 30 104 103 30 104 103 1
0 104 30 102 104 30 102 1
0 102 30 29 102 30 29 1
0 105 106 44 105 106 44 1
0 44 43 105 44 43 105 1
0 105 43 48 105 43 48 1
0 48 107 105 48 107 105 1
0 48 108 107 48 108 107 1
0 108 48 49 108 48 49 1
0 49 109 108 49 109 108 1
0 49 52 109 49 52 109 1
0 52 55 109 52 55 109 1
0 109 55 110 109 55 110 1
0 111 110 55 111 110 55 1
0 55 112 111 55 112 111 1
0 55 51 112 55 51 112 1
0 44 106 46 44 106 46 1
0 46 106 113 46 106 113 1
0 113 114 46 113 114 46 1
0 46 114 47 46 114 47 1
0 47 114 115 47 114 115 1
0 115 53 47 115 53 47 1
0 53 115 54 53 115 54 1
0 54 115 116 54 115 116 1
0 116 117 54 116 117 54 1
0 117 118 54 117 118 54 1
0 54 118 50 54 118 50 1
0 50 118 45 50 118 45 1
0 45 118 119 45 118 119 1
0 45 119 112 45 119 112 1
0 112 51 45 112 51 45 1
"Color" 0 3
172
0 -0.002961 -22.002113 5.000000 0.004660 0.733892 -1
0 0.995619 -10.007179 5.000000 0.004661 0.675878 -1
0 -1.004381 -10.007179 5.000000 0.004659 0.675878 -1
0 -5.021330 -5.990230 5.000000 0.004656 0.656450 -1
0 4.995619 -5.990230 5.000000 0.004664 0.656450 -1
0 7.992096 -6.018801 5.000000 0.004667 0.656589 -1
0 -8.004382 -6.007180 5.000000 0.004653 0.656532 -1
0 -23.021332 1.009769 5.000000 0.004641 0.622594 -1
0 22.997040 0.997887 5.000000 0.004679 0.622652 -1
0 22.997040 4.020615 5.000000 0.004679 0.608033 -1
0 21.997040 5.020615 5.000000 0.004678 0.603196 -1
0 19.006918 5.008924 5.000000 0.004676 0.603252 -1
0 -23.004383 3.992820 5.000000 0.004641 0.608167 -1
0 -22.021334 5.026718 5.000000 0.004642 0.603166 -1
0 -19.021334 5.009769 5.000000 0.004644 0.603248 -1
0 -0.003361 -9.010984 5.000000 0.004660 0.420791 -1
0 0.983981 4.014333 5.000000 0.004661 0.357793 -1
0 -1.003361 4.001674 5.000000 0.004659 0.357855 -1
0 -3.003361 6.014333 5.000000 0.004657 0.348120 -1
0 -4.016019 6.014333 5.000000 0.004657 0.348120 -1
0 -4.003361 -4.998326 5.000000 0.004657 0.401383 -1
0 3.996639 -4.998326 5.000000 0.004663 0.401383 -1
0 3.996639 6.014333 5.000000 0.004663 0.348120 -1
0 3.009297 6.001674 5.000000 0.004662 0.348182 -1
0 1.016767 6.010711 5.000000 0.003729 0.097869 -1
0 4.001142 8.995085 5.000000 0.003731 0.083435 -1
0 4.005868 19.011059 5.000000 0.003731 0.034992 -1
0 -4.014483 8.995085 5.000000 0.003725 0.083435 -1
0 -0.998858 5.995086 5.000000 0.003727 0.097944 -1
0 -4.028030 18.994110 5.000000 0.003725 0.035074 -1
0 -2.028030 21.011059 5.000000 0.003726 0.025319 -1
0 1.988919 21.011059 5.000000 0.003730 0.025319 -1
0 -1.004381 -10.007179 -5.000000 0.004659 0.675878 -1
0 0.995619 -10.007179 -5.000000 0.004661 0.675878 -1
0 -0.002961 -22.002113 -5.000000 0.004660 0.733892 -1
0 -5.021330 -5.990230 -5.000000 0.004656 0.656450 -1
0 4.995619 -5.990230 -5.000000 0.004664 0.656450 -1
0 7.992096 -6.018801 -5.000000 0.004667 0.656589 -1
0 -8.004382 -6.007180 -5.000000 0.004653 0.656532 -1
0 -23.021332 1.009769 -5.000000 0.004641 0.622594 -1
0 22.997040 0.997887 -5.000000 0.004679 0.622652 -1
0 22.997040 4.020615 -5.000000 0.004679 0.608033 -1
0 19.006918 5.008924 -5.000000 0.004676 0.603252 -1
0 21.997040 5.020615 -5.000000 0.004678 0.603196 -1
0 -23.004383 3.992820 -5.000000 0.004641 0.608167 -1
0 -22.021334 5.026718 -5.000000 0.004642 0.603166 -1
0 -19.021334 5.009769 -5.000000 0.004644 0.603248 -1
0 -1.003361 4.001674 -5.000000 0.004659 0.357855 -1
0 0.983981 4.014333 -5.000000 0.004661 0.357793 -1
0 -0.003361 -9.010984 -5.000000 0.004660 0.420791 -1
0 -4.003361 -4.998326 -5.000000 0.004657 0.401383 -1
0 -4.016019 6.014333 -5.000000 0.004657 0.348120 -1
0 -3.003361 6.014333 -5.000000 0.004657 0.348120 -1
0 3.996639 -4.998326 -5.000000 0.004663 0.401383 -1
0 3.009297 6.001674 -5.000000 0.004662 0.348182 -1
0 3.996639 6.014333 -5.000000 0.004663 0.348120 -1
0 4.005868 19.011059 -5.000000 0.003731 0.034992 -1
0 4.001142 8.995085 -5.000000 0.003731 0.083435 -1
0 1.016767 6.010711 -5.000000 0.003729 0.097869 -1
0 -4.028030 18.994110 -5.000000 0.003725 0.035074 -1
0 -0.998858 5.995086 -5.000000 0.003727 0.097944 -1
0 -4.014483 8.995085 -5.000000 0.003725 0.083435 -1
0 -2.028030 21.011059 -5.000000 0.003726 0.025319 -1
0 1.988919 21.011059 -5.000000 0.003730 0.025319 -1
0 -2.028030 21.011059 5.000000 0.002794 0.775661 -1
0 1.988919 21.011059 5.000000 0.002797 0.775661 -1
0 1.012037 26.003908 4.999999 0.002797 0.751513 -1
0 -0.987963 26.003908 4.999999 0.002795 0.751513 -1
0 -5.987962 21.023909 4.999999 0.002791 0.775599 -1
0 6.008218 21.017702 4.999999 0.002801 0.775629 -1
0 4.005868 19.011059 5.000000 0.002799 0.785334 -1
0 -4.028030 18.994110 5.000000 0.002792 0.785416 -1
0 3.009297 6.001674 5.000000 0.002798 0.848254 -1
0 3.996639 6.014333 5.000000 0.002799 0.848193 -1
0 4.001142 8.995085 5.000000 0.002799 0.833777 -1
0 -4.014483 8.995085 5.000000 0.002792 0.833777 -1
0 -4.016019 6.014333 5.000000 0.002792 0.848193 -1
0 -3.003361 6.014333 5.000000 0.002793 0.848193 -1
0 -0.998858 5.995086 5.000000 0.002795 0.848286 -1
0 1.016767 6.010711 5.000000 0.002797 0.848211 -1
0 -1.003361 4.001674 5.000000 0.002795 0.857928 -1
0 0.983981 4.014333 5.000000 0.002797 0.857866 -1
0 6.008219 0.468983 4.999999 0.002801 0.875013 -1
0 -1.004381 -10.007179 5.000000 0.002795 0.925682 -1
0 0.995619 -10.007179 5.000000 0.002797 0.925682 -1
0 -0.003361 -9.010984 5.000000 0.002796 0.920864 -1
0 4.995619 -5.990230 5.000000 0.002800 0.906253 -1
0 3.996639 -4.998326 5.000000 0.002799 0.901456 -1
0 -4.003361 -4.998326 5.000000 0.002792 0.901456 -1
0 -5.021330 -5.990230 5.000000 0.002792 0.906253 -1
0 -5.995701 0.539155 4.999999 0.004655 0.374601 -1
0 7.992096 -6.018801 5.000000 0.002802 0.906392 -1
0 10.023603 -1.025462 4.999999 0.002804 0.882241 -1
0 -8.004382 -6.007180 5.000000 0.002789 0.906336 -1
0 -9.990721 -1.006439 4.999999 0.002787 0.882149 -1
0 8.019203 -1.503167 4.999999 0.002802 0.884552 -1
0 7.019203 -0.986500 4.999999 0.002802 0.882053 -1
0 -5.995701 0.539155 4.999999 0.002791 0.874674 -1
0 -6.980797 -0.986500 4.999999 0.002790 0.882053 -1
0 -7.980797 -1.486500 4.999999 0.002789 0.884471 -1
0 19.006918 5.008924 5.000000 0.002812 0.853056 -1
0 19.023603 8.002317 4.999999 0.002812 0.838578 -1
0 -19.021334 5.009769 5.000000 0.002780 0.853052 -1
0 -18.990723 8.010803 4.999999 0.002780 0.838537 -1
0 -23.007963 8.028046 4.999999 0.002777 0.838454 -1
0 -22.021334 5.026718 5.000000 0.002777 0.852970 -1
0 -25.990721 5.010804 4.999999 0.002774 0.853047 -1
0 -23.004383 3.992820 5.000000 0.002777 0.857970 -1
0 -25.990721 1.028045 4.999999 0.002774 0.872310 -1
0 -23.021332 1.009769 5.000000 0.002777 0.872398 -1
0 22.997040 4.020615 5.000000 0.002815 0.857836 -1
0 22.997040 0.997887 5.000000 0.002815 0.872455 -1
0 26.043762 1.028045 4.999999 0.002817 0.872310 -1
0 26.026522 5.028045 4.999999 0.002817 0.852963 -1
0 21.997040 5.020615 5.000000 0.002814 0.852999 -1
0 23.026522 8.010805 4.999999 0.002815 0.838537 -1
0 -0.002961 -22.002113 5.000000 0.002796 0.983696 -1
0 0.026521 -24.989195 4.999999 0.002796 0.998142 -1
0 1.012037 26.003908 -4.999999 0.002797 0.751513 -1
0 1.988919 21.011059 -5.000000 0.002797 0.775661 -1
0 -2.028030 21.011059 -5.000000 0.002794 0.775661 -1
0 -0.987963 26.003908 -4.999999 0.002795 0.751513 -1
0 -5.987962 21.023909 -4.999999 0.002791 0.775599 -1
0 6.008218 21.017702 -4.999999 0.002801 0.775629 -1
0 4.005868 19.011059 -5.000000 0.002799 0.785334 -1
0 -4.028030 18.994110 -5.000000 0.002792 0.785416 -1
0 4.001142 8.995085 -5.000000 0.002799 0.833777 -1
0 3.996639 6.014333 -5.000000 0.002799 0.848193 -1
0 3.009297 6.001674 -5.000000 0.002798 0.848254 -1
0 -3.003361 6.014333 -5.000000 0.002793 0.848193 -1
0 -4.016019 6.014333 -5.000000 0.002792 0.848193 -1
0 -4.014483 8.995085 -5.000000 0.002792 0.833777 -1
0 -0.998858 5.995086 -5.000000 0.002795 0.848286 -1
0 1.016767 6.010711 -5.000000 0.002797 0.848211 -1
0 -1.003361 4.001674 -5.000000 0.002795 0.857928 -1
0 0.983981 4.014333 -5.000000 0.002797 0.857866 -1
0 6.008219 0.468983 -4.999999 0.002801 0.875013 -1
0 -0.003361 -9.010984 -5.000000 0.002796 0.920864 -1
0 0.995619 -10.007179 -5.000000 0.002797 0.925682 -1
0 -1.004381 -10.007179 -5.000000 0.002795 0.925682 -1
0 3.996639 -4.998326 -5.000000 0.002799 0.901456 -1
0 4.995619 -5.990230 -5.000000 0.002800 0.906253 -1
0 -4.003361 -4.998326 -5.000000 0.002792 0.901456 -1
0 -5.021330 -5.990230 -5.000000 0.002792 0.906253 -1
0 -5.995701 0.539155 -4.999999 0.004655 0.374601 -1
0 10.023603 -1.025462 -4.999999 0.002804 0.882241 -1
0 7.992096 -6.018801 -5.000000 0.002802 0.906392 -1
0 -9.990721 -1.006439 -4.999999 0.002787 0.882149 -1
0 -8.004382 -6.007180 -5.000000 0.002789 0.906336 -1
0 8.019203 -1.503167 -4.999999 0.002802 0.884552 -1
0 7.019203 -0.986500 -4.999999 0.002802 0.882053 -1
0 -5.995701 0.539155 -4.999999 0.002791 0.874674 -1
0 -6.980797 -0.986500 -4.999999 0.002790 0.882053 -1
0 -7.980797 -1.486500 -4.999999 0.002789 0.884471 -1
0 19.023603 8.002317 -4.999999 0.002812 0.838578 -1
0 19.006918 5.008924 -5.000000 0.002812 0.853056 -1
0 -18.990723 8.010803 -4.999999 0.002780 0.838537 -1
0 -19.021334 5.009769 -5.000000 0.002780 0.853052 -1
0 -23.007963 8.028046 -4.999999 0.002777 0.838454 -1
0 -22.021334 5.026718 -5.000000 0.002777 0.852970 -1
0 -25.990721 5.010804 -4.999999 0.002774 0.853047 -1
0 -23.004383 3.992820 -5.000000 0.002777 0.857970 -1
0 -25.990721 1.028045 -4.999999 0.002774 0.872310 -1
0 -23.021332 1.009769 -5.000000 0.002777 0.872398 -1
0 26.043762 1.028045 -4.999999 0.002817 0.872310 -1
0 22.997040 0.997887 -5.000000 0.002815 0.872455 -1
0 22.997040 4.020615 -5.000000 0.002815 0.857836 -1
0 26.026522 5.028045 -4.999999 0.002817 0.852963 -1
0 21.997040 5.020615 -5.000000 0.002814 0.852999 -1
0 23.026522 8.010805 -4.999999 0.002815 0.838537 -1
0 0.026521 -24.989195 -4.999999 0.002796 0.998142 -1
0 -0.002961 -22.002113 -5.000000 0.002796 0.983696 -1
94
0.000000 0.000000 1.000000
0.000000 0.000000 -1.000000
-0.000000 0.000000 1.000000
0.000000 0.000000 1.000000
0.000000 0.000000 1.000000
-0.000000 0.000000 1.000000
-0.000000 0.000000 1.000000
0.000000 0.000000 1.000000
0.000000 0.000000 1.000000
-0.000000 0.000000 1.000000
0.000000 -0.000000 1.000000
0.000000 -0.000000 1.000000
-0.000000 -0.000000 1.000000
-0.000000 -0.000000 1.000000
0.000000 0.000000 1.000000
0.000000 0.000000 1.000000
0.000000 0.000000 1.000000
-0.000000 0.000000 1.000000
-0.000000 0.000000 1.000000
-0.000000 0.000000 1.000000
0.000000 0.000000 1.000000
-0.000000 0.000000 1.000000
-0.000000 0.000000 1.000000
0.000000 0.000000 1.000000
0.000000 0.000000 1.000000
0.000000 0.000000 1.000000
-0.000000 0.000000 1.000000
-0.000000 0.000000 1.000000
-0.000000 0.000000 1.000000
-0.000000 0.000000 1.000000
0.000000 0.000000 1.000000
0.000000 0.000000 1.000000
-0.000000 0.000000 1.000000
-0.000000 0.000000 1.000000
-0.000000 0.000000 1.000000
-0.000000 0.000000 1.000000
-0.000000 -0.000000 1.000000
-0.000000 -0.000000 1.000000
0.000000 0.000000 1.000000
0.000000 -0.000000 1.000000
0.000000 -0.000000 1.000000
0.000000 0.000000 1.000000
0.000000 0.000000 1.000000
0.000000 0.000000 1.000000
-0.000000 -0.000000 1.000000
-0.000000 -0.000000 1.000000
0.000000 0.000000 -1.000000
0.000000 0.000000 -1.000000
-0.000000 0.000000 -1.000000
-0.000000 0.000000 -1.000000
-0.000000 0.000000 -1.000000
0.000000 0.000000 -1.000000
0.000000 0.000000 -1.000000
-0.000000 0.000000 -1.000000
0.000000 -0.000000 -1.000000
0.000000 -0.000000 -1.000000
-0.000000 -0.000000 -1.000000
-0.000000 -0.000000 -1.000000
0.000000 0.000000 -1.000000
0.000000 0.000000 -1.000000
0.000000 0.000000 -1.000000
-0.000000 0.000000 -1.000000
-0.000000 0.000000 -1.000000
-0.000000 0.000000 -1.000000
-0.000000 0.000000 -1.000000
0.000000 0.000000 -1.000000
0.000000 0.000000 -1.000000
-0.000000 0.000000 -1.000000
0.000000 0.000000 -1.000000
0.000000 0.000000 -1.000000
-0.000000 0.000000 -1.000000
-0.000000 0.000000 -1.000000
-0.000000 0.000000 -1.000000
-0.000000 0.000000 -1.000000
0.000000 0.000000 -1.000000
0.000000 0.000000 -1.000000
-0.000000 0.000000 -1.000000
-0.000000 0.000000 -1.000000
-0.000000 0.000000 -1.000000
-0.000000 0.000000 -1.000000
-0.000000 -0.000000 -1.000000
-0.000000 -0.000000 -1.000000
0.000000 -0.000000 -1.000000
0.000000 -0.000000 -1.000000
0.000000 0.000000 -1.000000
0.000000 0.000000 -1.000000
0.000000 0.000000 -1.000000
0.000000 0.000000 -1.000000
-0.000000 -0.000000 -1.000000
-0.000000 -0.000000 -1.000000
-0.000000 0.000000 1.000000
0.000000 0.000000 1.000000
-0.000000 0.000000 -1.000000
0.000000 0.000000 -1.000000
166
0 0 1 2 0 0 0 1
0 0 2 3 0 0 0 1
0 0 4 1 0 0 0 1
0 0 5 4 0 0 0 1
0 0 3 6 0 0 0 1
0 0 6 7 0 0 0 1
0 0 8 5 0 0 0 1
0 5 8 9 0 0 0 1
0 5 10 11 0 0 0 1
0 10 5 9 0 0 0 1
0 7 6 12 0 0 0 1
0 12 6 13 0 0 0 1
0 13 6 14 0 0 0 1
0 15 16 17 0 0 0 1
0 18 19 20 0 0 0 1
0 20 15 17 0 0 0 1
0 16 15 21 0 0 0 1
0 21 22 23 0 0 0 1
0 23 16 21 0 0 0 1
0 17 18 20 0 0 0 1
0 24 25 26 0 0 0 1
0 27 28 29 0 0 0 1
0 30 29 28 0 0 0 1
0 24 26 31 0 0 0 1
0 31 30 28 0 0 0 1
0 28 24 31 0 0 0 1
0 32 33 34 1 1 1 1
0 35 32 34 1 1 1 1
0 33 36 34 1 1 1 1
0 36 37 34 1 1 1 1
0 38 35 34 1 1 1 1
0 39 38 34 1 1 1 1
0 37 40 34 1 1 1 1
0 41 40 37 1 1 1 1
0 42 43 37 1 1 1 1
0 41 37 43 1 1 1 1
0 44 38 39 1 1 1 1
0 45 38 44 1 1 1 1
0 46 38 45 1 1 1 1
0 47 48 49 1 1 1 1
0 50 51 52 1 1 1 1
0 47 49 50 1 1 1 1
0 53 49 48 1 1 1 1
0 54 55 53 1 1 1 1
0 53 48 54 1 1 1 1
0 50 52 47 1 1 1 1
0 56 57 58 1 1 1 1
0 59 60 61 1 1 1 1
0 60 59 62 1 1 1 1
0 63 56 58 1 1 1 1
0 60 62 63 1 1 1 1
0 63 58 60 1 1 1 1
0 64 65 66 2 3 4 1
0 66 67 64 4 5 2 1
0 64 67 68 2 5 6 1
0 65 69 66 3 7 4 1
0 69 65 70 7 3 8 1
0 71 64 68 9 2 6 1
0 72 73 74 0 10 11 1
0 75 76 77 12 13 0 1
0 77 78 75 0 0 12 1
0 79 72 74 0 0 11 1
0 77 80 78 0 0 0 1
0 80 81 79 0 0 0 1
0 79 78 80 0 0 0 1
0 81 72 79 0 0 0 1
0 82 69 70 14 7 8 1
0 70 74 82 8 11 14 1
0 82 74 73 14 11 10 1
0 83 84 85 0 0 0 1
0 84 86 87 0 15 16 1
0 87 85 84 16 0 0 1
0 83 85 88 0 0 17 1
0 88 89 83 17 18 0 1
0 73 87 82 10 16 14 1
0 20 19 90 17 13 19 1
0 86 91 92 15 20 21 1
0 93 89 94 22 18 23 1
0 92 95 86 21 24 15 1
0 86 95 96 15 24 25 1
0 86 96 82 15 25 14 1
0 82 87 86 14 16 15 1
0 89 88 97 18 17 19 1
0 97 98 89 19 26 18 1
0 89 98 99 18 26 27 1
0 99 94 89 27 23 18 1
0 97 76 75 19 13 12 1
0 97 75 71 19 12 9 1
0 71 68 97 9 6 19 1
0 92 100 101 21 28 29 1
0 102 94 103 30 23 31 1
0 104 102 103 32 30 31 1
0 104 105 102 32 33 30 1
0 105 104 106 33 32 34 1
0 106 107 105 34 35 33 1
0 107 106 108 35 34 36 1
0 108 109 107 36 37 35 1
0 110 111 112 38 39 40 1
0 112 113 110 40 41 38 1
0 110 113 114 38 41 42 1
0 114 113 115 42 41 43 1
0 115 100 114 43 28 42 1
0 100 115 101 28 43 29 1
0 116 117 112 44 45 40 1
0 112 111 116 40 39 44 1
0 116 108 117 44 36 45 1
0 116 109 108 44 37 36 1
0 118 119 120 46 47 48 1
0 120 121 118 48 49 46 1
0 122 121 120 50 49 48 1
0 118 123 119 46 51 47 1
0 124 119 123 52 47 51 1
0 122 120 125 50 48 53 1
0 126 127 128 54 55 1 1
0 129 130 131 1 56 57 1
0 131 132 129 57 1 1 1
0 126 128 133 54 1 1 1
0 132 134 129 1 1 1 1
0 133 135 134 1 1 1 1
0 134 132 133 1 1 1 1
0 133 128 135 1 1 1 1
0 124 123 136 52 51 58 1
0 136 126 124 58 54 52 1
0 127 126 136 55 54 58 1
0 137 138 139 1 1 1 1
0 140 141 138 59 60 1 1
0 138 137 140 1 1 59 1
0 142 137 139 61 1 1 1
0 139 143 142 1 62 61 1
0 136 140 127 58 59 55 1
0 144 51 50 63 56 61 1
0 145 146 141 64 65 60 1
0 147 143 148 66 62 67 1
0 141 149 145 60 68 64 1
0 150 149 141 69 68 60 1
0 136 150 141 58 69 60 1
0 141 140 136 60 59 58 1
0 151 142 143 63 61 62 1
0 143 152 151 62 70 63 1
0 153 152 143 71 70 62 1
0 143 147 153 62 66 71 1
0 131 130 151 57 56 63 1
0 125 131 151 53 57 63 1
0 151 122 125 63 50 53 1
0 154 155 145 72 73 64 1
0 156 147 157 74 66 75 1
0 156 157 158 74 75 76 1
0 157 159 158 75 77 76 1
0 160 158 159 78 76 77 1
0 159 161 160 77 79 78 1
0 162 160 161 80 78 79 1
0 161 163 162 79 81 80 1
0 164 165 166 82 83 84 1
0 166 167 164 84 85 82 1
0 168 167 166 86 85 84 1
0 169 167 168 87 85 86 1
0 168 155 169 86 73 87 1
0 154 169 155 72 87 73 1
0 164 170 171 82 88 89 1
0 171 165 164 89 83 82 1
0 170 162 171 88 80 89 1
0 162 163 171 80 81 89 1
0 91 100 92 90 90 90 1
0 102 93 94 91 91 91 1
0 145 155 146 92 92 92 1
0 147 148 157 93 93 93 1

Materials: 4
"Black"
0.200000 0.200000 0.200000 1.000000
0.800000 0.800000 0.800000 1.000000
0.000000 0.000000 0.000000 1.000000
0.000000 0.000000 0.000000 1.000000
0.000000
1.000000
"tex\black.png"
""
"Outside"
0.200000 0.200000 0.200000 1.000000
0.800000 0.800000 0.800000 1.000000
0.000000 0.000000 0.000000 1.000000
0.000000 0.000000 0.000000 1.000000
0.000000
1.000000
"tex\outside.ini"
""
"Inside"
0.200000 0.200000 0.200000 1.000000
0.800000 0.800000 0.800000 1.000000
0.000000 0.000000 0.000000 1.000000
0.000000 0.000000 0.000000 1.000000
0.000000
1.000000
"tex\inside.ini"
""
"Overlay"
0.200000 0.200000 0.200000 1.000000
0.800000 0.800000 0.800000 1.000000
0.000000 0.000000 0.000000 1.000000
0.000000 0.000000 0.000000 1.000000
0.000000
1.000000
"tex\overlay.ini"
""

Bones: 0
GroupComments: 0
MaterialComments: 0
BoneComments: 0
ModelComment: 0
