// MilkShape 3D ASCII

Frames: 30
Frame: 1

Meshes: 5
"Black" 1 0
45
1 0.029150 -27.999105 4.999999 0.065005 0.000156 -1
1 0.010281 -31.006968 0.000000 0.065001 0.000156 -1
1 30.010281 -1.006967 0.000000 0.073300 0.000156 -1
1 28.029150 0.023623 4.999999 0.072752 0.000156 -1
1 30.010283 6.993033 0.000000 0.073300 0.000156 -1
1 28.029152 6.000896 4.999999 0.072752 0.000156 -1
1 24.987555 12.015761 0.000000 0.071910 0.000156 -1
1 24.029150 10.000896 4.999999 0.071645 0.000156 -1
1 16.987555 12.015761 0.000000 0.069697 0.000156 -1
1 17.983696 9.978170 4.999999 0.069973 0.000156 -1
1 10.033009 4.993034 0.000000 0.067773 0.000156 -1
1 8.006424 0.000896 4.999999 0.067213 0.000156 -1
1 8.029146 22.000895 4.999999 0.067219 0.000155 -1
1 10.010277 23.015760 0.000000 0.067767 0.000155 -1
1 3.010278 30.015760 0.000000 0.065831 0.000155 -1
1 2.029147 28.000895 4.999999 0.065559 0.000155 -1
1 -3.012450 29.993032 0.000000 0.064164 0.000155 -1
1 -1.993581 28.000895 4.999999 0.064446 0.000155 -1
1 -10.012450 22.993032 0.000000 0.062228 0.000155 -1
1 -7.970854 22.023623 4.999999 0.062792 0.000155 -1
1 -9.989720 4.993031 0.000000 0.062234 0.000156 -1
1 -7.970853 0.000894 4.999999 0.062792 0.000156 -1
1 -17.993578 10.000895 4.999999 0.060020 0.000156 -1
1 -17.012447 12.015759 0.000000 0.060291 0.000156 -1
1 -25.012447 11.993031 0.000000 0.058078 0.000156 -1
1 -23.970852 10.000895 4.999999 0.058366 0.000156 -1
1 -27.948124 6.000894 4.999999 0.057266 0.000156 -1
1 -30.035175 6.993031 0.000000 0.056688 0.000156 -1
1 -27.970850 0.046348 4.999999 0.057259 0.000156 -1
1 -30.035173 -1.006969 0.000000 0.056688 0.000156 -1
1 2.029147 28.000895 -4.999999 0.065559 0.000155 -1
1 -1.993581 28.000895 -4.999999 0.064446 0.000155 -1
1 8.029146 22.000895 -4.999999 0.067219 0.000155 -1
1 8.006424 0.000896 -4.999999 0.067213 0.000156 -1
1 17.983696 9.978170 -4.999999 0.069973 0.000156 -1
1 24.029150 10.000896 -4.999999 0.071645 0.000156 -1
1 28.029152 6.000896 -4.999999 0.072752 0.000156 -1
1 28.029150 0.023623 -4.999999 0.072752 0.000156 -1
1 0.029150 -27.999105 -4.999999 0.065005 0.000156 -1
1 -27.970850 0.046348 -4.999999 0.057259 0.000156 -1
1 -27.948124 6.000894 -4.999999 0.057266 0.000156 -1
1 -23.970852 10.000895 -4.999999 0.058366 0.000156 -1
1 -17.993578 10.000895 -4.999999 0.060020 0.000156 -1
1 -7.970853 0.000894 -4.999999 0.062792 0.000156 -1
1 -7.970854 22.023623 -4.999999 0.062792 0.000155 -1
45
0.002932 -0.702732 0.711449
0.002601 -0.999997 0.000000
0.864921 -0.501909 0.000000
0.784181 -0.201250 0.586991
0.968388 0.249449 0.000000
0.695935 0.404489 0.593349
0.503320 0.864100 0.000000
0.201122 0.780788 0.591540
-0.252336 0.967640 -0.000000
-0.405170 0.690653 0.599029
0.401840 0.915710 0.000000
0.192797 0.446743 0.873642
0.782539 0.201745 0.589009
0.864588 0.502481 0.000000
0.377721 0.925920 -0.000000
0.303623 0.742900 0.596583
-0.250539 0.968106 -0.000000
-0.402693 0.693570 0.597326
-0.864320 0.502942 0.000000
-0.779547 0.200930 0.593240
-0.397723 0.917506 -0.000000
-0.194041 0.446460 0.873511
0.403397 0.693668 0.596738
0.248689 0.968583 0.000000
-0.502379 0.864647 0.000000
-0.202289 0.780905 0.590987
-0.686309 0.401138 0.606686
-0.967730 0.251990 -0.000000
-0.772359 -0.197468 0.603711
-0.864430 -0.502753 0.000000
0.303624 0.742900 -0.596583
-0.402693 0.693570 -0.597326
0.782539 0.201745 -0.589009
0.192797 0.446743 -0.873642
-0.405170 0.690653 -0.599029
0.201122 0.780788 -0.591540
0.695935 0.404489 -0.593349
0.784181 -0.201250 -0.586991
0.002932 -0.702732 -0.711449
-0.772359 -0.197468 -0.603711
-0.686309 0.401138 -0.606686
-0.202289 0.780905 -0.590987
0.403397 0.693668 -0.596738
-0.194041 0.446460 -0.873511
-0.779547 0.200930 -0.593240
60
1 0 1 2 0 1 2 1
1 2 3 0 2 3 0 1
1 3 2 4 3 2 4 1
1 4 5 3 4 5 3 1
1 5 4 6 5 4 6 1
1 6 7 5 6 7 5 1
1 7 6 8 7 6 8 1
1 8 9 7 8 9 7 1
1 8 10 9 8 10 9 1
1 9 10 11 9 10 11 1
1 11 10 12 11 10 12 1
1 12 10 13 12 10 13 1
1 13 14 15 13 14 15 1
1 15 12 13 15 12 13 1
1 15 14 16 15 14 16 1
1 16 17 15 16 17 15 1
1 17 16 18 17 16 18 1
1 18 19 17 18 19 17 1
1 19 18 20 19 18 20 1
1 20 21 19 20 21 19 1
1 21 20 22 21 20 22 1
1 22 20 23 22 20 23 1
1 23 24 25 23 24 25 1
1 25 22 23 25 22 23 1
1 25 24 26 25 24 26 1
1 26 24 27 26 24 27 1
1 27 28 26 27 28 26 1
1 27 29 28 27 29 28 1
1 28 29 0 28 29 0 1
1 0 29 1 0 29 1 1
1 30 31 16 30 31 16 1
1 16 14 30 16 14 30 1
1 30 14 13 30 14 13 1
1 13 32 30 13 32 30 1
1 32 13 10 32 13 10 1
1 10 33 32 10 33 32 1
1 33 10 34 33 10 34 1
1 34 10 8 34 10 8 1
1 8 35 34 8 35 34 1
1 8 6 35 8 6 35 1
1 35 6 36 35 6 36 1
1 36 6 4 36 6 4 1
1 4 37 36 4 37 36 1
1 4 2 37 4 2 37 1
1 37 2 38 37 2 38 1
1 38 2 1 38 2 1 1
1 1 29 38 1 29 38 1
1 38 29 39 38 29 39 1
1 39 29 27 39 29 27 1
1 27 40 39 27 40 39 1
1 40 27 24 40 27 24 1
1 24 41 40 24 41 40 1
1 41 24 23 41 24 23 1
1 23 42 41 23 42 41 1
1 20 42 23 20 42 23 1
1 20 43 42 20 43 42 1
1 43 20 44 43 20 44 1
1 44 20 18 44 20 18 1
1 44 18 31 44 18 31 1
1 31 18 16 31 18 16 1
"Outside" 0 1
72
0 2.029147 28.000895 4.999999 0.008807 0.000977 -1
0 -0.987963 26.003908 4.999999 0.008807 0.005341 -1
0 1.012037 26.003908 4.999999 0.008807 0.005341 -1
0 -1.993581 28.000895 4.999999 0.008807 0.000977 -1
0 -7.970854 22.023623 4.999999 0.008807 0.014040 -1
0 -5.987962 21.023909 4.999999 0.008807 0.016225 -1
0 8.029146 22.000895 4.999999 0.008807 0.014089 -1
0 6.008218 21.017702 4.999999 0.008807 0.016238 -1
0 -7.970853 0.000894 4.999999 0.008807 0.062170 -1
0 -5.995701 0.539155 4.999999 0.008807 0.060993 -1
0 -6.980797 -0.986500 4.999999 0.008807 0.064328 -1
0 -7.980797 -1.486500 4.999999 0.008807 0.065420 -1
0 -9.990721 -1.006439 4.999999 0.008807 0.064371 -1
0 -17.993578 10.000895 4.999999 0.008807 0.040315 -1
0 -18.990723 8.010803 4.999999 0.008807 0.044664 -1
0 -23.970852 10.000895 4.999999 0.008807 0.040315 -1
0 -23.007963 8.028046 4.999999 0.008807 0.044627 -1
0 -27.948124 6.000894 4.999999 0.008807 0.049057 -1
0 -25.990721 5.010804 4.999999 0.008807 0.051221 -1
0 -27.970850 0.046348 4.999999 0.008807 0.062070 -1
0 -25.990721 1.028045 4.999999 0.008807 0.059925 -1
0 0.029150 -27.999105 4.999999 0.008807 0.123363 -1
0 0.026521 -24.989195 4.999999 0.008807 0.116784 -1
0 26.043762 1.028045 4.999999 0.008807 0.059925 -1
0 28.029150 0.023623 4.999999 0.008807 0.062120 -1
0 28.029152 6.000896 4.999999 0.008807 0.049057 -1
0 26.026522 5.028045 4.999999 0.008807 0.051183 -1
0 24.029150 10.000896 4.999999 0.008807 0.040315 -1
0 23.026522 8.010805 4.999999 0.008807 0.044664 -1
0 17.983696 9.978170 4.999999 0.008807 0.040365 -1
0 19.023603 8.002317 4.999999 0.008807 0.044683 -1
0 10.023603 -1.025462 4.999999 0.008807 0.064413 -1
0 8.006424 0.000896 4.999999 0.008807 0.062170 -1
0 8.019203 -1.503167 4.999999 0.008807 0.065457 -1
0 7.019203 -0.986500 4.999999 0.008807 0.064328 -1
0 6.008219 0.468983 4.999999 0.008807 0.061147 -1
0 1.012037 26.003908 -4.999999 0.008807 0.005341 -1
0 -0.987963 26.003908 -4.999999 0.008807 0.005341 -1
0 2.029147 28.000895 -4.999999 0.008807 0.000977 -1
0 -1.993581 28.000895 -4.999999 0.008807 0.000977 -1
0 -7.970854 22.023623 -4.999999 0.008807 0.014040 -1
0 -5.987962 21.023909 -4.999999 0.008807 0.016225 -1
0 8.029146 22.000895 -4.999999 0.008807 0.014089 -1
0 6.008218 21.017702 -4.999999 0.008807 0.016238 -1
0 -7.970853 0.000894 -4.999999 0.008807 0.062170 -1
0 -5.995701 0.539155 -4.999999 0.008807 0.060993 -1
0 -6.980797 -0.986500 -4.999999 0.008807 0.064328 -1
0 -7.980797 -1.486500 -4.999999 0.008807 0.065420 -1
0 -9.990721 -1.006439 -4.999999 0.008807 0.064371 -1
0 -17.993578 10.000895 -4.999999 0.008807 0.040315 -1
0 -18.990723 8.010803 -4.999999 0.008807 0.044664 -1
0 -23.970852 10.000895 -4.999999 0.008807 0.040315 -1
0 -23.007963 8.028046 -4.999999 0.008807 0.044627 -1
0 -27.948124 6.000894 -4.999999 0.008807 0.049057 -1
0 -25.990721 5.010804 -4.999999 0.008807 0.051221 -1
0 -27.970850 0.046348 -4.999999 0.008807 0.062070 -1
0 -25.990721 1.028045 -4.999999 0.008807 0.059925 -1
0 0.029150 -27.999105 -4.999999 0.008807 0.123363 -1
0 0.026521 -24.989195 -4.999999 0.008807 0.116784 -1
0 26.043762 1.028045 -4.999999 0.008807 0.059925 -1
0 28.029150 0.023623 -4.999999 0.008807 0.062120 -1
0 26.026522 5.028045 -4.999999 0.008807 0.051183 -1
0 28.029152 6.000896 -4.999999 0.008807 0.049057 -1
0 23.026522 8.010805 -4.999999 0.008807 0.044664 -1
0 24.029150 10.000896 -4.999999 0.008807 0.040315 -1
0 19.023603 8.002317 -4.999999 0.008807 0.044683 -1
0 17.983696 9.978170 -4.999999 0.008807 0.040365 -1
0 10.023603 -1.025462 -4.999999 0.008807 0.064413 -1
0 8.006424 0.000896 -4.999999 0.008807 0.062170 -1
0 8.019203 -1.503167 -4.999999 0.008807 0.065457 -1
0 7.019203 -0.986500 -4.999999 0.008807 0.064328 -1
0 6.008219 0.468983 -4.999999 0.008807 0.061147 -1
2
0.000000 0.000000 1.000000
0.000000 0.000000 -1.000000
72
0 0 1 2 0 0 0 1
0 0 3 1 0 0 0 1
0 1 3 4 0 0 0 1
0 4 5 1 0 0 0 1
0 0 2 6 0 0 0 1
0 6 2 7 0 0 0 1
0 5 4 8 0 0 0 1
0 8 9 5 0 0 0 1
0 8 10 9 0 0 0 1
0 8 11 10 0 0 0 1
0 8 12 11 0 0 0 1
0 12 8 13 0 0 0 1
0 13 14 12 0 0 0 1
0 14 13 15 0 0 0 1
0 15 16 14 0 0 0 1
0 16 15 17 0 0 0 1
0 17 18 16 0 0 0 1
0 17 19 18 0 0 0 1
0 18 19 20 0 0 0 1
0 20 19 21 0 0 0 1
0 21 22 20 0 0 0 1
0 22 21 23 0 0 0 1
0 23 21 24 0 0 0 1
0 24 25 26 0 0 0 1
0 26 23 24 0 0 0 1
0 25 27 28 0 0 0 1
0 28 26 25 0 0 0 1
0 27 29 30 0 0 0 1
0 30 28 27 0 0 0 1
0 30 29 31 0 0 0 1
0 31 29 32 0 0 0 1
0 33 31 32 0 0 0 1
0 32 34 33 0 0 0 1
0 34 32 35 0 0 0 1
0 35 32 7 0 0 0 1
0 7 32 6 0 0 0 1
0 36 37 38 1 1 1 1
0 37 39 38 1 1 1 1
0 40 39 37 1 1 1 1
0 37 41 40 1 1 1 1
0 42 36 38 1 1 1 1
0 43 36 42 1 1 1 1
0 44 40 41 1 1 1 1
0 41 45 44 1 1 1 1
0 45 46 44 1 1 1 1
0 46 47 44 1 1 1 1
0 47 48 44 1 1 1 1
0 49 44 48 1 1 1 1
0 48 50 49 1 1 1 1
0 51 49 50 1 1 1 1
0 50 52 51 1 1 1 1
0 53 51 52 1 1 1 1
0 52 54 53 1 1 1 1
0 54 55 53 1 1 1 1
0 56 55 54 1 1 1 1
0 57 55 56 1 1 1 1
0 56 58 57 1 1 1 1
0 59 57 58 1 1 1 1
0 60 57 59 1 1 1 1
0 61 62 60 1 1 1 1
0 60 59 61 1 1 1 1
0 63 64 62 1 1 1 1
0 62 61 63 1 1 1 1
0 65 66 64 1 1 1 1
0 64 63 65 1 1 1 1
0 67 66 65 1 1 1 1
0 68 66 67 1 1 1 1
0 68 67 69 1 1 1 1
0 69 70 68 1 1 1 1
0 71 68 70 1 1 1 1
0 43 68 71 1 1 1 1
0 42 68 43 1 1 1 1
"Inside" 0 2
120
0 0.000825 -8.016326 -3.000000 0.503588 0.084003 -1
0 -2.999175 -4.992517 -3.000000 0.444609 0.075369 -1
0 3.000825 -4.992517 -3.000000 0.562570 0.075369 -1
0 1.000825 3.031293 -3.000000 0.523250 0.052457 -1
0 3.000824 5.031293 -3.000000 0.562570 0.046746 -1
0 -2.999175 5.007484 -3.000000 0.444609 0.046814 -1
0 -0.951556 3.007484 -3.000000 0.484865 0.052525 -1
0 3.030587 19.009838 -3.000000 0.563153 0.006831 -1
0 3.024634 9.007483 -3.000000 0.563036 0.035392 -1
0 2.007331 20.033092 -3.000000 0.543037 0.003909 -1
0 -2.992669 19.033092 -3.000000 0.444736 0.006764 -1
0 -1.992669 20.009838 -3.000000 0.464397 0.003975 -1
0 -2.999175 9.007483 -3.000000 0.444609 0.035392 -1
0 -1.022985 6.983674 -3.000000 0.483462 0.041171 -1
0 1.000825 6.983674 -3.000000 0.523250 0.041171 -1
0 -0.006068 -21.018208 -3.000000 0.503454 0.121129 -1
0 -1.009827 -10.997529 -3.000000 0.483720 0.092516 -1
0 0.990173 -10.997529 -3.000000 0.523040 0.092516 -1
0 -7.974154 -7.014760 -3.000000 0.346800 0.081143 -1
0 -4.996882 -7.014760 -3.000000 0.405334 0.081143 -1
0 5.003118 -6.992033 -3.000000 0.601934 0.081078 -1
0 8.003119 -6.992033 -3.000000 0.660914 0.081078 -1
0 -22.006069 1.034427 -3.000000 0.070931 0.058159 -1
0 22.025845 1.007967 -3.000000 0.936604 0.058235 -1
0 19.025845 4.007967 -3.000000 0.877623 0.049668 -1
0 -19.032383 4.008111 -3.000000 0.129394 0.049668 -1
0 -22.006069 4.008111 -3.000000 0.070931 0.049668 -1
0 22.025845 4.007967 -3.000000 0.936604 0.049668 -1
0 3.000825 -4.992517 3.000000 0.562570 0.075369 -1
0 -2.999175 -4.992517 3.000000 0.444609 0.075369 -1
0 0.000825 -8.016326 3.000000 0.503588 0.084003 -1
0 3.000824 5.031293 3.000000 0.562570 0.046746 -1
0 1.000825 3.031293 3.000000 0.523250 0.052457 -1
0 -0.951556 3.007484 3.000000 0.484865 0.052525 -1
0 -2.999175 5.007484 3.000000 0.444609 0.046814 -1
0 2.007331 20.033092 3.000000 0.543037 0.003909 -1
0 3.024634 9.007483 3.000000 0.563036 0.035392 -1
0 3.030587 19.009838 3.000000 0.563153 0.006831 -1
0 -2.999175 9.007483 3.000000 0.444609 0.035392 -1
0 -1.992669 20.009838 3.000000 0.464397 0.003975 -1
0 -2.992669 19.033092 3.000000 0.444736 0.006764 -1
0 -1.022985 6.983674 3.000000 0.483462 0.041171 -1
0 1.000825 6.983674 3.000000 0.523250 0.041171 -1
0 0.990173 -10.997529 3.000000 0.523040 0.092516 -1
0 -1.009827 -10.997529 3.000000 0.483720 0.092516 -1
0 -0.006068 -21.018208 3.000000 0.503454 0.121129 -1
0 -4.996882 -7.014760 3.000000 0.405334 0.081143 -1
0 -7.974154 -7.014760 3.000000 0.346800 0.081143 -1
0 5.003118 -6.992033 3.000000 0.601934 0.081078 -1
0 8.003119 -6.992033 3.000000 0.660914 0.081078 -1
0 -22.006069 1.034427 3.000000 0.070931 0.058159 -1
0 22.025845 1.007967 3.000000 0.936604 0.058235 -1
0 19.025845 4.007967 3.000000 0.877623 0.049668 -1
0 -19.032383 4.008111 3.000000 0.129394 0.049668 -1
0 -22.006069 4.008111 3.000000 0.070931 0.049668 -1
0 22.025845 4.007967 3.000000 0.936604 0.049668 -1
0 -2.028030 21.011059 -5.000000 0.463701 0.001116 -1
0 1.988919 21.011059 -5.000000 0.542674 0.001116 -1
0 4.005868 19.011059 -5.000000 0.582328 0.006827 -1
0 4.001142 8.995085 -5.000000 0.582235 0.035428 -1
0 1.016767 6.010711 -5.000000 0.523562 0.043950 -1
0 -0.998858 5.995086 -5.000000 0.483935 0.043994 -1
0 -4.014483 8.995085 -5.000000 0.424647 0.035428 -1
0 -4.028030 18.994110 -5.000000 0.424381 0.006876 -1
0 -1.003361 4.001674 -5.000000 0.483847 0.049686 -1
0 0.983981 4.014333 -5.000000 0.522917 0.049650 -1
0 3.009297 6.001674 -5.000000 0.562737 0.043975 -1
0 3.996639 6.014333 -5.000000 0.582146 0.043939 -1
0 -3.003361 6.014333 -5.000000 0.444526 0.043939 -1
0 -4.016019 6.014333 -5.000000 0.424618 0.043939 -1
0 3.996639 -4.998326 -5.000000 0.582146 0.075385 -1
0 -4.003361 -4.998326 -5.000000 0.424866 0.075385 -1
0 -0.003361 -9.010984 -5.000000 0.503506 0.086843 -1
0 0.995619 -10.007179 -5.000000 0.523147 0.089688 -1
0 -1.004381 -10.007179 -5.000000 0.483826 0.089688 -1
0 -5.021330 -5.990230 -5.000000 0.404853 0.078218 -1
0 4.995619 -5.990230 -5.000000 0.601787 0.078218 -1
0 7.992096 -6.018801 -5.000000 0.660698 0.078299 -1
0 -8.004382 -6.007180 -5.000000 0.346205 0.078266 -1
0 -0.002961 -22.002113 -5.000000 0.503515 0.123939 -1
0 -23.021332 1.009769 -5.000000 0.050971 0.058229 -1
0 22.997040 0.997887 -5.000000 0.955695 0.058263 -1
0 22.997040 4.020615 -5.000000 0.955695 0.049632 -1
0 21.997040 5.020615 -5.000000 0.936036 0.046777 -1
0 19.006918 5.008924 -5.000000 0.877253 0.046810 -1
0 -19.021334 5.009769 -5.000000 0.129611 0.046808 -1
0 -22.021334 5.026718 -5.000000 0.070630 0.046759 -1
0 -23.004383 3.992820 -5.000000 0.051304 0.049712 -1
0 -2.028030 21.011059 5.000000 0.463701 0.001116 -1
0 1.988919 21.011059 5.000000 0.542674 0.001116 -1
0 -4.028030 18.994110 5.000000 0.424381 0.006876 -1
0 4.005868 19.011059 5.000000 0.582328 0.006827 -1
0 4.001142 8.995085 5.000000 0.582235 0.035428 -1
0 -4.014483 8.995085 5.000000 0.424647 0.035428 -1
0 -0.998858 5.995086 5.000000 0.483935 0.043994 -1
0 1.016767 6.010711 5.000000 0.523562 0.043950 -1
0 -1.003361 4.001674 5.000000 0.483847 0.049686 -1
0 0.983981 4.014333 5.000000 0.522917 0.049650 -1
0 3.009297 6.001674 5.000000 0.562737 0.043975 -1
0 3.996639 6.014333 5.000000 0.582146 0.043939 -1
0 -3.003361 6.014333 5.000000 0.444526 0.043939 -1
0 -4.016019 6.014333 5.000000 0.424618 0.043939 -1
0 -4.003361 -4.998326 5.000000 0.424866 0.075385 -1
0 3.996639 -4.998326 5.000000 0.582146 0.075385 -1
0 -0.003361 -9.010984 5.000000 0.503506 0.086843 -1
0 0.995619 -10.007179 5.000000 0.523147 0.089688 -1
0 -1.004381 -10.007179 5.000000 0.483826 0.089688 -1
0 4.995619 -5.990230 5.000000 0.601787 0.078218 -1
0 7.992096 -6.018801 5.000000 0.660698 0.078299 -1
0 19.006918 5.008924 5.000000 0.877253 0.046810 -1
0 21.997040 5.020615 5.000000 0.936036 0.046777 -1
0 22.997040 4.020615 5.000000 0.955695 0.049632 -1
0 22.997040 0.997887 5.000000 0.955695 0.058263 -1
0 -5.021330 -5.990230 5.000000 0.404853 0.078218 -1
0 -8.004382 -6.007180 5.000000 0.346205 0.078266 -1
0 -19.021334 5.009769 5.000000 0.129611 0.046808 -1
0 -22.021334 5.026718 5.000000 0.070630 0.046759 -1
0 -23.004383 3.992820 5.000000 0.051304 0.049712 -1
0 -23.021332 1.009769 5.000000 0.050971 0.058229 -1
0 -0.002961 -22.002113 5.000000 0.503515 0.123939 -1
120
-0.000353 0.751387 -0.659862
0.376460 0.159796 -0.912548
-0.308273 0.130798 -0.942263
0.273570 -0.637181 -0.720528
-0.338913 -0.479364 -0.809536
0.340723 -0.473065 -0.812476
-0.272043 -0.461163 -0.844583
-0.730933 -0.197844 -0.653143
-0.390175 0.233294 -0.890695
-0.234479 -0.552486 -0.799862
0.721645 -0.199677 -0.662840
0.328142 -0.549597 -0.768288
0.389351 0.231582 -0.891502
0.209070 0.480558 -0.851677
-0.199678 0.729234 -0.654482
-0.000371 0.304881 -0.952390
-0.162336 -0.598999 -0.784122
0.205075 -0.480948 -0.852428
-0.273981 -0.457996 -0.845679
-0.269795 -0.633160 -0.725479
0.269933 -0.636375 -0.722608
0.274238 -0.459394 -0.844837
0.374265 0.159414 -0.913517
-0.379339 0.161690 -0.911021
0.203664 -0.478199 -0.854311
-0.203765 -0.478584 -0.854071
0.527008 -0.521735 -0.670862
-0.528695 -0.526716 -0.665622
-0.308273 0.130798 0.942263
0.376460 0.159796 0.912548
-0.000353 0.751387 0.659862
-0.338913 -0.479364 0.809536
0.273570 -0.637181 0.720528
-0.272043 -0.461163 0.844583
0.340723 -0.473065 0.812476
-0.234479 -0.552486 0.799862
-0.390175 0.233294 0.890695
-0.730933 -0.197844 0.653143
0.389351 0.231582 0.891502
0.328142 -0.549597 0.768288
0.721645 -0.199677 0.662840
0.209070 0.480558 0.851677
-0.199678 0.729234 0.654482
0.205075 -0.480948 0.852428
-0.162336 -0.598999 0.784122
-0.000371 0.304881 0.952390
-0.269795 -0.633160 0.725479
-0.273981 -0.457996 0.845679
0.269933 -0.636375 0.722608
0.274238 -0.459394 0.844837
0.374265 0.159414 0.913517
-0.379339 0.161690 0.911021
0.203664 -0.478199 0.854311
-0.203765 -0.478584 0.854071
0.527008 -0.521735 0.670862
-0.528695 -0.526716 0.665622
0.237872 -0.868338 -0.435209
-0.356713 -0.840544 -0.407728
-0.791355 -0.474771 -0.385163
-0.872587 0.236631 -0.427315
-0.474538 0.790046 -0.388126
0.357668 0.837573 -0.412971
0.864593 0.236125 -0.443535
0.784583 -0.473185 -0.400657
-0.233083 -0.873907 -0.426566
0.355125 -0.837766 -0.414770
0.473434 -0.791513 -0.386480
-0.574178 -0.584582 -0.573221
-0.471014 -0.791164 -0.390135
0.574889 -0.575252 -0.581882
-0.836695 0.355795 -0.416354
0.834796 0.355647 -0.420274
-0.000416 0.895382 -0.445299
0.357230 -0.836540 -0.415436
-0.471915 -0.789372 -0.392668
-0.354459 -0.833982 -0.422887
0.353385 -0.835884 -0.420020
0.233778 -0.871970 -0.430134
-0.234970 -0.868421 -0.436617
0.000236 0.897297 -0.441427
0.834814 0.354901 -0.420869
-0.839160 0.357586 -0.409809
-0.839187 -0.357569 -0.409768
-0.355944 -0.835785 -0.418051
0.357437 -0.834537 -0.419268
-0.357859 -0.834589 -0.418806
0.364561 -0.828633 -0.424808
0.839778 -0.348260 -0.416518
0.237872 -0.868338 0.435209
-0.356713 -0.840544 0.407728
0.784583 -0.473185 0.400657
-0.791355 -0.474771 0.385163
-0.872587 0.236631 0.427315
0.864593 0.236125 0.443535
0.357668 0.837573 0.412971
-0.474538 0.790046 0.388126
-0.233083 -0.873907 0.426566
0.355125 -0.837766 0.414770
0.473434 -0.791513 0.386480
-0.574178 -0.584582 0.573221
-0.471014 -0.791164 0.390135
0.574889 -0.575252 0.581882
0.834796 0.355647 0.420274
-0.836695 0.355795 0.416354
-0.000416 0.895382 0.445299
0.357230 -0.836540 0.415436
-0.471915 -0.789372 0.392668
0.353385 -0.835884 0.420020
0.233778 -0.871970 0.430134
0.357437 -0.834537 0.419268
-0.355944 -0.835785 0.418051
-0.839187 -0.357569 0.409768
-0.839160 0.357586 0.409809
-0.354459 -0.833982 0.422887
-0.234970 -0.868421 0.436617
-0.357859 -0.834589 0.418806
0.364561 -0.828633 0.424808
0.839778 -0.348260 0.416518
0.834814 0.354901 0.420869
0.000236 0.897297 0.441427
164
0 0 1 2 0 1 2 1
0 2 3 4 2 3 4 1
0 1 5 6 1 5 6 1
0 6 3 2 6 3 2 1
0 2 1 6 2 1 6 1
0 7 8 9 7 8 9 1
0 10 11 12 10 11 12 1
0 12 11 9 12 11 9 1
0 9 8 12 9 8 12 1
0 13 12 8 13 12 8 1
0 8 14 13 8 14 13 1
0 15 16 17 15 16 17 1
0 15 18 19 15 18 19 1
0 19 16 15 19 16 15 1
0 15 17 20 15 17 20 1
0 20 21 15 20 21 15 1
0 15 22 18 15 22 18 1
0 15 21 23 15 21 23 1
0 23 21 24 23 21 24 1
0 18 22 25 18 22 25 1
0 25 22 26 25 22 26 1
0 23 24 27 23 24 27 1
0 28 29 30 28 29 30 1
0 31 32 28 31 32 28 1
0 33 34 29 33 34 29 1
0 28 32 33 28 32 33 1
0 33 29 28 33 29 28 1
0 35 36 37 35 36 37 1
0 38 39 40 38 39 40 1
0 35 39 38 35 39 38 1
0 38 36 35 38 36 35 1
0 36 38 41 36 38 41 1
0 41 42 36 41 42 36 1
0 43 44 45 43 44 45 1
0 46 47 45 46 47 45 1
0 45 44 46 45 44 46 1
0 48 43 45 48 43 45 1
0 45 49 48 45 49 48 1
0 47 50 45 47 50 45 1
0 51 49 45 51 49 45 1
0 52 49 51 52 49 51 1
0 53 50 47 53 50 47 1
0 54 50 53 54 50 53 1
0 55 52 51 55 52 51 1
0 9 11 56 9 11 56 1
0 9 56 57 9 56 57 1
0 57 58 9 57 58 9 1
0 9 58 7 9 58 7 1
0 7 58 59 7 58 59 1
0 59 8 7 59 8 7 1
0 8 59 60 8 59 60 1
0 60 14 8 60 14 8 1
0 61 14 60 61 14 60 1
0 61 13 14 61 13 14 1
0 13 61 12 13 61 12 1
0 12 61 62 12 61 62 1
0 62 63 10 62 63 10 1
0 10 12 62 10 12 62 1
0 10 63 11 10 63 11 1
0 11 63 56 11 63 56 1
0 3 6 64 3 6 64 1
0 64 65 3 64 65 3 1
0 3 65 66 3 65 66 1
0 66 4 3 66 4 3 1
0 4 66 67 4 66 67 1
0 64 6 68 64 6 68 1
0 68 6 5 68 6 5 1
0 5 69 68 5 69 68 1
0 70 4 67 70 4 67 1
0 70 2 4 70 2 4 1
0 1 71 5 1 71 5 1
0 5 71 69 5 71 69 1
0 0 72 71 0 72 71 1
0 71 1 0 71 1 0 1
0 70 0 2 70 0 2 1
0 70 72 0 70 72 0 1
0 73 17 16 73 17 16 1
0 16 74 73 16 74 73 1
0 16 19 74 16 19 74 1
0 74 19 75 74 19 75 1
0 20 17 73 20 17 73 1
0 73 76 20 73 76 20 1
0 20 76 77 20 76 77 1
0 75 19 78 75 19 78 1
0 78 19 18 78 19 18 1
0 20 77 21 20 77 21 1
0 15 79 80 15 79 80 1
0 80 22 15 80 22 15 1
0 79 15 81 79 15 81 1
0 23 81 15 23 81 15 1
0 81 23 27 81 23 27 1
0 27 82 81 27 82 81 1
0 27 83 82 27 83 82 1
0 83 27 84 83 27 84 1
0 84 27 24 84 27 24 1
0 84 24 21 84 24 21 1
0 21 77 84 21 77 84 1
0 78 18 85 78 18 85 1
0 25 85 18 25 85 18 1
0 85 25 26 85 25 26 1
0 26 86 85 26 86 85 1
0 86 26 87 86 26 87 1
0 87 26 80 87 26 80 1
0 26 22 80 26 22 80 1
0 88 39 35 88 39 35 1
0 35 89 88 35 89 88 1
0 88 90 39 88 90 39 1
0 39 90 40 39 90 40 1
0 35 37 91 35 37 91 1
0 91 89 35 91 89 35 1
0 91 37 92 91 37 92 1
0 92 37 36 92 37 36 1
0 93 38 40 93 38 40 1
0 40 90 93 40 90 93 1
0 38 93 94 38 93 94 1
0 94 41 38 94 41 38 1
0 42 41 94 42 41 94 1
0 94 95 42 94 95 42 1
0 42 95 36 42 95 36 1
0 36 95 92 36 95 92 1
0 96 33 32 96 33 32 1
0 32 97 96 32 97 96 1
0 97 32 98 97 32 98 1
0 98 32 31 98 32 31 1
0 31 99 98 31 99 98 1
0 33 96 100 33 96 100 1
0 100 34 33 100 34 33 1
0 34 100 101 34 100 101 1
0 101 102 34 101 102 34 1
0 34 102 29 34 102 29 1
0 28 103 31 28 103 31 1
0 31 103 99 31 103 99 1
0 103 28 30 103 28 30 1
0 30 104 103 30 104 103 1
0 104 30 102 104 30 102 1
0 102 30 29 102 30 29 1
0 105 106 44 105 106 44 1
0 44 43 105 44 43 105 1
0 105 43 48 105 43 48 1
0 48 107 105 48 107 105 1
0 48 108 107 48 108 107 1
0 108 48 49 108 48 49 1
0 49 109 108 49 109 108 1
0 49 52 109 49 52 109 1
0 52 55 109 52 55 109 1
0 109 55 110 109 55 110 1
0 111 110 55 111 110 55 1
0 55 112 111 55 112 111 1
0 55 51 112 55 51 112 1
0 44 106 46 44 106 46 1
0 46 106 113 46 106 113 1
0 113 114 46 113 114 46 1
0 46 114 47 46 114 47 1
0 47 114 115 47 114 115 1
0 115 53 47 115 53 47 1
0 53 115 54 53 115 54 1
0 54 115 116 54 115 116 1
0 116 117 54 116 117 54 1
0 117 118 54 117 118 54 1
0 54 118 50 54 118 50 1
0 50 118 45 50 118 45 1
0 45 118 119 45 118 119 1
0 45 119 112 45 119 112 1
0 112 51 45 112 51 45 1
"Overlay" 0 4
64
0 -0.002961 -22.002113 5.000000 0.022371 0.121988 -1
0 0.995619 -10.007179 5.000000 0.022371 0.112354 -1
0 -1.004381 -10.007179 5.000000 0.022371 0.112354 -1
0 -5.021330 -5.990230 5.000000 0.022371 0.109127 -1
0 4.995619 -5.990230 5.000000 0.022371 0.109127 -1
0 7.992096 -6.018801 5.000000 0.022371 0.109150 -1
0 -8.004382 -6.007180 5.000000 0.022371 0.109141 -1
0 -23.021332 1.009769 5.000000 0.022371 0.103505 -1
0 22.997040 0.997887 5.000000 0.022371 0.103515 -1
0 22.997040 4.020615 5.000000 0.022371 0.101087 -1
0 21.997040 5.020615 5.000000 0.022371 0.100283 -1
0 19.006918 5.008924 5.000000 0.022371 0.100293 -1
0 -23.004383 3.992820 5.000000 0.022371 0.101109 -1
0 -22.021334 5.026718 5.000000 0.022371 0.100279 -1
0 -19.021334 5.009769 5.000000 0.022371 0.100292 -1
0 -0.003361 -9.010984 5.000000 0.022371 0.070082 -1
0 0.983981 4.014333 5.000000 0.022371 0.059620 -1
0 -1.003361 4.001674 5.000000 0.022371 0.059630 -1
0 -3.003361 6.014333 5.000000 0.022371 0.058013 -1
0 -4.016019 6.014333 5.000000 0.022371 0.058013 -1
0 -4.003361 -4.998326 5.000000 0.022371 0.066859 -1
0 3.996639 -4.998326 5.000000 0.022371 0.066859 -1
0 3.996639 6.014333 5.000000 0.022371 0.058013 -1
0 3.009297 6.001674 5.000000 0.022371 0.058023 -1
0 1.016767 6.010711 5.000000 0.022371 0.016358 -1
0 4.001142 8.995085 5.000000 0.022371 0.013961 -1
0 4.005868 19.011059 5.000000 0.022371 0.005917 -1
0 -4.014483 8.995085 5.000000 0.022371 0.013961 -1
0 -0.998858 5.995086 5.000000 0.022371 0.016371 -1
0 -4.028030 18.994110 5.000000 0.022371 0.005930 -1
0 -2.028030 21.011059 5.000000 0.022371 0.004310 -1
0 1.988919 21.011059 5.000000 0.022371 0.004310 -1
0 -1.004381 -10.007179 -5.000000 0.022371 0.112354 -1
0 0.995619 -10.007179 -5.000000 0.022371 0.112354 -1
0 -0.002961 -22.002113 -5.000000 0.022371 0.121988 -1
0 -5.021330 -5.990230 -5.000000 0.022371 0.109127 -1
0 4.995619 -5.990230 -5.000000 0.022371 0.109127 -1
0 7.992096 -6.018801 -5.000000 0.022371 0.109150 -1
0 -8.004382 -6.007180 -5.000000 0.022371 0.109141 -1
0 -23.021332 1.009769 -5.000000 0.022371 0.103505 -1
0 22.997040 0.997887 -5.000000 0.022371 0.103515 -1
0 22.997040 4.020615 -5.000000 0.022371 0.101087 -1
0 19.006918 5.008924 -5.000000 0.022371 0.100293 -1
0 21.997040 5.020615 -5.000000 0.022371 0.100283 -1
0 -23.004383 3.992820 -5.000000 0.022371 0.101109 -1
0 -22.021334 5.026718 -5.000000 0.022371 0.100279 -1
0 -19.021334 5.009769 -5.000000 0.022371 0.100292 -1
0 -1.003361 4.001674 -5.000000 0.022371 0.059630 -1
0 0.983981 4.014333 -5.000000 0.022371 0.059620 -1
0 -0.003361 -9.010984 -5.000000 0.022371 0.070082 -1
0 -4.003361 -4.998326 -5.000000 0.022371 0.066859 -1
0 -4.016019 6.014333 -5.000000 0.022371 0.058013 -1
0 -3.003361 6.014333 -5.000000 0.022371 0.058013 -1
0 3.996639 -4.998326 -5.000000 0.022371 0.066859 -1
0 3.009297 6.001674 -5.000000 0.022371 0.058023 -1
0 3.996639 6.014333 -5.000000 0.022371 0.058013 -1
0 4.005868 19.011059 -5.000000 0.022371 0.005917 -1
0 4.001142 8.995085 -5.000000 0.022371 0.013961 -1
0 1.016767 6.010711 -5.000000 0.022371 0.016358 -1
0 -4.028030 18.994110 -5.000000 0.022371 0.005930 -1
0 -0.998858 5.995086 -5.000000 0.022371 0.016371 -1
0 -4.014483 8.995085 -5.000000 0.022371 0.013961 -1
0 -2.028030 21.011059 -5.000000 0.022371 0.004310 -1
0 1.988919 21.011059 -5.000000 0.022371 0.004310 -1
2
0.000000 0.000000 1.000000
0.000000 0.000000 -1.000000
52
0 0 1 2 0 0 0 1
0 0 2 3 0 0 0 1
0 0 4 1 0 0 0 1
0 0 5 4 0 0 0 1
0 0 3 6 0 0 0 1
0 0 6 7 0 0 0 1
0 0 8 5 0 0 0 1
0 5 8 9 0 0 0 1
0 5 10 11 0 0 0 1
0 10 5 9 0 0 0 1
0 7 6 12 0 0 0 1
0 12 6 13 0 0 0 1
0 13 6 14 0 0 0 1
0 15 16 17 0 0 0 1
0 18 19 20 0 0 0 1
0 20 15 17 0 0 0 1
0 16 15 21 0 0 0 1
0 21 22 23 0 0 0 1
0 23 16 21 0 0 0 1
0 17 18 20 0 0 0 1
0 24 25 26 0 0 0 1
0 27 28 29 0 0 0 1
0 30 29 28 0 0 0 1
0 24 26 31 0 0 0 1
0 31 30 28 0 0 0 1
0 28 24 31 0 0 0 1
0 32 33 34 1 1 1 1
0 35 32 34 1 1 1 1
0 33 36 34 1 1 1 1
0 36 37 34 1 1 1 1
0 38 35 34 1 1 1 1
0 39 38 34 1 1 1 1
0 37 40 34 1 1 1 1
0 41 40 37 1 1 1 1
0 42 43 37 1 1 1 1
0 41 37 43 1 1 1 1
0 44 38 39 1 1 1 1
0 45 38 44 1 1 1 1
0 46 38 45 1 1 1 1
0 47 48 49 1 1 1 1
0 50 51 52 1 1 1 1
0 47 49 50 1 1 1 1
0 53 49 48 1 1 1 1
0 54 55 53 1 1 1 1
0 53 48 54 1 1 1 1
0 50 52 47 1 1 1 1
0 56 57 58 1 1 1 1
0 59 60 61 1 1 1 1
0 60 59 62 1 1 1 1
0 63 56 58 1 1 1 1
0 60 62 63 1 1 1 1
0 63 58 60 1 1 1 1
"Color" 0 3
106
0 -2.028030 21.011059 5.000000 0.061556 0.087673 -1
0 1.988919 21.011059 5.000000 0.063020 0.087673 -1
0 1.012037 26.003908 4.999999 0.062664 0.083663 -1
0 -0.987963 26.003908 4.999999 0.061935 0.083663 -1
0 -5.987962 21.023909 4.999999 0.060114 0.087663 -1
0 6.008218 21.017702 4.999999 0.064484 0.087668 -1
0 4.005868 19.011059 5.000000 0.063754 0.089280 -1
0 -4.028030 18.994110 5.000000 0.060828 0.089293 -1
0 3.009297 6.001674 5.000000 0.063391 0.099729 -1
0 3.996639 6.014333 5.000000 0.063751 0.099718 -1
0 4.001142 8.995085 5.000000 0.063753 0.097324 -1
0 -4.014483 8.995085 5.000000 0.060833 0.097324 -1
0 -4.016019 6.014333 5.000000 0.060832 0.099718 -1
0 -3.003361 6.014333 5.000000 0.061201 0.099718 -1
0 -0.998858 5.995086 5.000000 0.061931 0.099734 -1
0 1.016767 6.010711 5.000000 0.062666 0.099721 -1
0 -1.003361 4.001674 5.000000 0.061930 0.101335 -1
0 0.983981 4.014333 5.000000 0.062654 0.101325 -1
0 6.008219 0.468983 4.999999 0.064484 0.104172 -1
0 -1.004381 -10.007179 5.000000 0.061929 0.112587 -1
0 0.995619 -10.007179 5.000000 0.062658 0.112587 -1
0 -0.003361 -9.010984 5.000000 0.062294 0.111787 -1
0 4.995619 -5.990230 5.000000 0.064115 0.109360 -1
0 3.996639 -4.998326 5.000000 0.063751 0.108564 -1
0 -4.003361 -4.998326 5.000000 0.060837 0.108564 -1
0 -5.021330 -5.990230 5.000000 0.060466 0.109360 -1
0 -5.995701 0.539155 4.999999 0.060111 0.104116 -1
0 7.992096 -6.018801 5.000000 0.065206 0.109383 -1
0 10.023603 -1.025462 4.999999 0.065946 0.105373 -1
0 -8.004382 -6.007180 5.000000 0.059380 0.109374 -1
0 -9.990721 -1.006439 4.999999 0.058656 0.105357 -1
0 8.019203 -1.503167 4.999999 0.065216 0.105756 -1
0 7.019203 -0.986500 4.999999 0.064852 0.105341 -1
0 -6.980797 -0.986500 4.999999 0.059752 0.105341 -1
0 -7.980797 -1.486500 4.999999 0.059388 0.105743 -1
0 19.006918 5.008924 5.000000 0.069219 0.100526 -1
0 19.023603 8.002317 4.999999 0.069225 0.098122 -1
0 -19.021334 5.009769 5.000000 0.055366 0.100525 -1
0 -18.990723 8.010803 4.999999 0.055378 0.098115 -1
0 -23.007963 8.028046 4.999999 0.053914 0.098101 -1
0 -22.021334 5.026718 5.000000 0.054274 0.100512 -1
0 -25.990721 5.010804 4.999999 0.052828 0.100524 -1
0 -23.004383 3.992820 5.000000 0.053915 0.101342 -1
0 -25.990721 1.028045 4.999999 0.052828 0.103723 -1
0 -23.021332 1.009769 5.000000 0.053909 0.103738 -1
0 22.997040 4.020615 5.000000 0.070672 0.101320 -1
0 22.997040 0.997887 5.000000 0.070672 0.103748 -1
0 26.043762 1.028045 4.999999 0.071782 0.103723 -1
0 26.026522 5.028045 4.999999 0.071776 0.100511 -1
0 21.997040 5.020615 5.000000 0.070308 0.100517 -1
0 23.026522 8.010805 4.999999 0.070683 0.098115 -1
0 -0.002961 -22.002113 5.000000 0.062294 0.122221 -1
0 0.026521 -24.989195 4.999999 0.062305 0.124620 -1
0 1.012037 26.003908 -4.999999 0.062664 0.083663 -1
0 1.988919 21.011059 -5.000000 0.063020 0.087673 -1
0 -2.028030 21.011059 -5.000000 0.061556 0.087673 -1
0 -0.987963 26.003908 -4.999999 0.061935 0.083663 -1
0 -5.987962 21.023909 -4.999999 0.060114 0.087663 -1
0 6.008218 21.017702 -4.999999 0.064484 0.087668 -1
0 4.005868 19.011059 -5.000000 0.063754 0.089280 -1
0 -4.028030 18.994110 -5.000000 0.060828 0.089293 -1
0 4.001142 8.995085 -5.000000 0.063753 0.097324 -1
0 3.996639 6.014333 -5.000000 0.063751 0.099718 -1
0 3.009297 6.001674 -5.000000 0.063391 0.099729 -1
0 -3.003361 6.014333 -5.000000 0.061201 0.099718 -1
0 -4.016019 6.014333 -5.000000 0.060832 0.099718 -1
0 -4.014483 8.995085 -5.000000 0.060833 0.097324 -1
0 -0.998858 5.995086 -5.000000 0.061931 0.099734 -1
0 1.016767 6.010711 -5.000000 0.062666 0.099721 -1
0 -1.003361 4.001674 -5.000000 0.061930 0.101335 -1
0 0.983981 4.014333 -5.000000 0.062654 0.101325 -1
0 6.008219 0.468983 -4.999999 0.064484 0.104172 -1
0 -0.003361 -9.010984 -5.000000 0.062294 0.111787 -1
0 0.995619 -10.007179 -5.000000 0.062658 0.112587 -1
0 -1.004381 -10.007179 -5.000000 0.061929 0.112587 -1
0 3.996639 -4.998326 -5.000000 0.063751 0.108564 -1
0 4.995619 -5.990230 -5.000000 0.064115 0.109360 -1
0 -4.003361 -4.998326 -5.000000 0.060837 0.108564 -1
0 -5.021330 -5.990230 -5.000000 0.060466 0.109360 -1
0 -5.995701 0.539155 -4.999999 0.060111 0.104116 -1
0 10.023603 -1.025462 -4.999999 0.065946 0.105373 -1
0 7.992096 -6.018801 -5.000000 0.065206 0.109383 -1
0 -9.990721 -1.006439 -4.999999 0.058656 0.105357 -1
0 -8.004382 -6.007180 -5.000000 0.059380 0.109374 -1
0 8.019203 -1.503167 -4.999999 0.065216 0.105756 -1
0 7.019203 -0.986500 -4.999999 0.064852 0.105341 -1
0 -6.980797 -0.986500 -4.999999 0.059752 0.105341 -1
0 -7.980797 -1.486500 -4.999999 0.059388 0.105743 -1
0 19.023603 8.002317 -4.999999 0.069225 0.098122 -1
0 19.006918 5.008924 -5.000000 0.069219 0.100526 -1
0 -18.990723 8.010803 -4.999999 0.055378 0.098115 -1
0 -19.021334 5.009769 -5.000000 0.055366 0.100525 -1
0 -23.007963 8.028046 -4.999999 0.053914 0.098101 -1
0 -22.021334 5.026718 -5.000000 0.054274 0.100512 -1
0 -25.990721 5.010804 -4.999999 0.052828 0.100524 -1
0 -23.004383 3.992820 -5.000000 0.053915 0.101342 -1
0 -25.990721 1.028045 -4.999999 0.052828 0.103723 -1
0 -23.021332 1.009769 -5.000000 0.053909 0.103738 -1
0 26.043762 1.028045 -4.999999 0.071782 0.103723 -1
0 22.997040 0.997887 -5.000000 0.070672 0.103748 -1
0 22.997040 4.020615 -5.000000 0.070672 0.101320 -1
0 26.026522 5.028045 -4.999999 0.071776 0.100511 -1
0 21.997040 5.020615 -5.000000 0.070308 0.100517 -1
0 23.026522 8.010805 -4.999999 0.070683 0.098115 -1
0 0.026521 -24.989195 -4.999999 0.062305 0.124620 -1
0 -0.002961 -22.002113 -5.000000 0.062294 0.122221 -1
94
-0.000000 0.000000 1.000000
0.000000 0.000000 1.000000
0.000000 0.000000 1.000000
-0.000000 0.000000 1.000000
-0.000000 0.000000 1.000000
0.000000 0.000000 1.000000
0.000000 0.000000 1.000000
-0.000000 0.000000 1.000000
0.000000 0.000000 1.000000
0.000000 -0.000000 1.000000
0.000000 -0.000000 1.000000
-0.000000 -0.000000 1.000000
-0.000000 -0.000000 1.000000
0.000000 0.000000 1.000000
0.000000 0.000000 1.000000
0.000000 0.000000 1.000000
-0.000000 0.000000 1.000000
-0.000000 0.000000 1.000000
-0.000000 0.000000 1.000000
0.000000 0.000000 1.000000
-0.000000 0.000000 1.000000
-0.000000 0.000000 1.000000
0.000000 0.000000 1.000000
0.000000 0.000000 1.000000
0.000000 0.000000 1.000000
-0.000000 0.000000 1.000000
-0.000000 0.000000 1.000000
-0.000000 0.000000 1.000000
-0.000000 0.000000 1.000000
0.000000 0.000000 1.000000
0.000000 0.000000 1.000000
-0.000000 0.000000 1.000000
-0.000000 0.000000 1.000000
-0.000000 0.000000 1.000000
-0.000000 0.000000 1.000000
-0.000000 -0.000000 1.000000
-0.000000 -0.000000 1.000000
0.000000 0.000000 1.000000
0.000000 -0.000000 1.000000
0.000000 -0.000000 1.000000
0.000000 0.000000 1.000000
0.000000 0.000000 1.000000
0.000000 0.000000 1.000000
-0.000000 -0.000000 1.000000
-0.000000 -0.000000 1.000000
0.000000 0.000000 -1.000000
0.000000 0.000000 -1.000000
-0.000000 0.000000 -1.000000
-0.000000 0.000000 -1.000000
-0.000000 0.000000 -1.000000
0.000000 0.000000 -1.000000
0.000000 0.000000 -1.000000
-0.000000 0.000000 -1.000000
0.000000 -0.000000 -1.000000
0.000000 -0.000000 -1.000000
0.000000 0.000000 -1.000000
-0.000000 -0.000000 -1.000000
-0.000000 -0.000000 -1.000000
0.000000 0.000000 -1.000000
0.000000 0.000000 -1.000000
0.000000 0.000000 -1.000000
-0.000000 0.000000 -1.000000
-0.000000 0.000000 -1.000000
-0.000000 0.000000 -1.000000
-0.000000 0.000000 -1.000000
0.000000 0.000000 -1.000000
0.000000 0.000000 -1.000000
-0.000000 0.000000 -1.000000
0.000000 0.000000 -1.000000
0.000000 0.000000 -1.000000
-0.000000 0.000000 -1.000000
-0.000000 0.000000 -1.000000
-0.000000 0.000000 -1.000000
-0.000000 0.000000 -1.000000
0.000000 0.000000 -1.000000
0.000000 0.000000 -1.000000
-0.000000 0.000000 -1.000000
-0.000000 0.000000 -1.000000
-0.000000 0.000000 -1.000000
-0.000000 0.000000 -1.000000
-0.000000 -0.000000 -1.000000
-0.000000 -0.000000 -1.000000
0.000000 -0.000000 -1.000000
0.000000 -0.000000 -1.000000
0.000000 0.000000 -1.000000
0.000000 0.000000 -1.000000
0.000000 0.000000 -1.000000
0.000000 0.000000 -1.000000
-0.000000 -0.000000 -1.000000
-0.000000 -0.000000 -1.000000
-0.000000 0.000000 1.000000
0.000000 0.000000 1.000000
-0.000000 0.000000 -1.000000
0.000000 0.000000 -1.000000
114
0 0 1 2 0 1 2 1
0 2 3 0 2 3 0 1
0 0 3 4 0 3 4 1
0 1 5 2 1 5 2 1
0 5 1 6 5 1 6 1
0 7 0 4 7 0 4 1
0 8 9 10 8 9 10 1
0 11 12 13 11 12 8 1
0 13 14 11 8 8 11 1
0 15 8 10 8 8 10 1
0 13 16 14 8 8 8 1
0 16 17 15 8 8 8 1
0 15 14 16 8 8 8 1
0 17 8 15 8 8 8 1
0 18 5 6 13 5 6 1
0 6 10 18 6 10 13 1
0 18 10 9 13 10 9 1
0 19 20 21 8 8 8 1
0 20 22 23 8 14 15 1
0 23 21 20 15 8 8 1
0 19 21 24 8 8 16 1
0 24 25 19 16 17 8 1
0 9 23 18 9 15 13 1
0 24 12 26 16 12 18 1
0 22 27 28 14 19 20 1
0 29 25 30 21 17 22 1
0 28 31 22 20 23 14 1
0 22 31 32 14 23 24 1
0 22 32 18 14 24 13 1
0 18 23 22 13 15 14 1
0 25 24 26 17 16 18 1
0 26 33 25 18 25 17 1
0 25 33 34 17 25 26 1
0 34 30 25 26 22 17 1
0 26 12 11 18 12 11 1
0 26 11 7 18 11 7 1
0 7 4 26 7 4 18 1
0 28 35 36 20 27 28 1
0 37 30 38 29 22 30 1
0 39 37 38 31 29 30 1
0 39 40 37 31 32 29 1
0 40 39 41 32 31 33 1
0 41 42 40 33 34 32 1
0 42 41 43 34 33 35 1
0 43 44 42 35 36 34 1
0 45 46 47 37 38 39 1
0 47 48 45 39 40 37 1
0 45 48 49 37 40 41 1
0 49 48 50 41 40 42 1
0 50 35 49 42 27 41 1
0 35 50 36 27 42 28 1
0 51 52 47 43 44 39 1
0 47 46 51 39 38 43 1
0 51 43 52 43 35 44 1
0 51 44 43 43 36 35 1
0 53 54 55 45 46 47 1
0 55 56 53 47 48 45 1
0 57 56 55 49 48 47 1
0 53 58 54 45 50 46 1
0 59 54 58 51 46 50 1
0 57 55 60 49 47 52 1
0 61 62 63 53 54 55 1
0 64 65 66 55 56 57 1
0 66 67 64 57 55 55 1
0 61 63 68 53 55 55 1
0 67 69 64 55 55 55 1
0 68 70 69 55 55 55 1
0 69 67 68 55 55 55 1
0 68 63 70 55 55 55 1
0 59 58 71 51 50 58 1
0 71 61 59 58 53 51 1
0 62 61 71 54 53 58 1
0 72 73 74 55 55 55 1
0 75 76 73 59 60 55 1
0 73 72 75 55 55 59 1
0 77 72 74 61 55 55 1
0 74 78 77 55 62 61 1
0 71 75 62 58 59 54 1
0 79 65 77 63 56 61 1
0 80 81 76 64 65 60 1
0 82 78 83 66 62 67 1
0 76 84 80 60 68 64 1
0 85 84 76 69 68 60 1
0 71 85 76 58 69 60 1
0 76 75 71 60 59 58 1
0 79 77 78 63 61 62 1
0 78 86 79 62 70 63 1
0 87 86 78 71 70 62 1
0 78 82 87 62 66 71 1
0 66 65 79 57 56 63 1
0 60 66 79 52 57 63 1
0 79 57 60 63 49 52 1
0 88 89 80 72 73 64 1
0 90 82 91 74 66 75 1
0 90 91 92 74 75 76 1
0 91 93 92 75 77 76 1
0 94 92 93 78 76 77 1
0 93 95 94 77 79 78 1
0 96 94 95 80 78 79 1
0 95 97 96 79 81 80 1
0 98 99 100 82 83 84 1
0 100 101 98 84 85 82 1
0 102 101 100 86 85 84 1
0 103 101 102 87 85 86 1
0 102 89 103 86 73 87 1
0 88 103 89 72 87 73 1
0 98 104 105 82 88 89 1
0 105 99 98 89 83 82 1
0 104 96 105 88 80 89 1
0 96 97 105 80 81 89 1
0 27 35 28 90 90 90 1
0 37 29 30 91 91 91 1
0 80 89 81 92 92 92 1
0 82 83 91 93 93 93 1

Materials: 5
"Black"
0.200000 0.200000 0.200000 1.000000
0.800000 0.800000 0.800000 1.000000
0.000000 0.000000 0.000000 1.000000
0.000000 0.000000 0.000000 1.000000
0.000000
1.000000
"tex\black.png"
""
"Outside"
0.200000 0.200000 0.200000 1.000000
0.800000 0.800000 0.800000 1.000000
0.000000 0.000000 0.000000 1.000000
0.000000 0.000000 0.000000 1.000000
0.000000
1.000000
"tex\outside.ini"
""
"Inside"
0.200000 0.200000 0.200000 1.000000
0.800000 0.800000 0.800000 1.000000
0.000000 0.000000 0.000000 1.000000
0.000000 0.000000 0.000000 1.000000
0.000000
1.000000
"tex\inside.png"
""
"Color"
0.200000 0.200000 0.200000 1.000000
0.800000 0.800000 0.800000 1.000000
0.000000 0.000000 0.000000 1.000000
0.000000 0.000000 0.000000 1.000000
0.000000
1.000000
"tex\overlay.png"
""
"Overlay"
0.200000 0.200000 0.200000 1.000000
0.800000 0.800000 0.800000 1.000000
0.000000 0.000000 0.000000 1.000000
0.000000 0.000000 0.000000 1.000000
0.000000
1.000000
"tex\overlay.ini"
""

Bones: 0
GroupComments: 0
MaterialComments: 0
BoneComments: 0
ModelComment: 0
