// MilkShape 3D ASCII

Frames: 30
Frame: 1

Meshes: 1
"Box01" 1 0
20
1 -255.998993 -255.998993 -255.998993 1.000000 1.000000 -1
1 -255.998993 256.001007 -255.998993 1.000000 0.000000 -1
1 256.001007 256.001007 -255.998993 0.000000 0.000000 -1
1 256.001007 -255.998993 -255.998993 0.000000 1.000000 -1
1 -255.998993 -255.998993 256.001007 0.000000 1.000000 -1
1 256.001007 -255.998993 256.001007 1.000000 1.000000 -1
1 256.001007 256.001007 256.001007 1.000000 0.000000 -1
1 -255.998993 256.001007 256.001007 0.000000 0.000000 -1
1 -255.998993 -255.998993 -255.998993 0.000000 1.000000 -1
1 256.001007 -255.998993 -255.998993 1.000000 1.000000 -1
1 256.001007 -255.998993 256.001007 1.000000 0.000000 -1
1 -255.998993 -255.998993 256.001007 0.000000 0.000000 -1
1 256.001007 256.001007 -255.998993 1.000000 1.000000 -1
1 256.001007 -255.998993 256.001007 0.000000 0.000000 -1
1 256.001007 256.001007 -255.998993 0.000000 1.000000 -1
1 -255.998993 256.001007 -255.998993 1.000000 1.000000 -1
1 -255.998993 256.001007 256.001007 1.000000 0.000000 -1
1 256.001007 256.001007 256.001007 0.000000 0.000000 -1
1 -255.998993 256.001007 -255.998993 0.000000 1.000000 -1
1 -255.998993 -255.998993 256.001007 1.000000 0.000000 -1
6
0.000000 0.000000 -1.000000
0.000000 0.000000 1.000000
0.000000 -1.000000 0.000000
1.000000 0.000000 0.000000
0.000000 1.000000 0.000000
-1.000000 0.000000 0.000000
12
1 0 1 2 0 0 0 2
1 2 3 0 0 0 0 2
1 4 5 6 1 1 1 3
1 6 7 4 1 1 1 3
1 8 9 10 2 2 2 4
1 10 11 8 2 2 2 4
1 3 12 6 3 3 3 5
1 6 13 3 3 3 3 5
1 14 15 16 4 4 4 6
1 16 17 14 4 4 4 6
1 18 0 19 5 5 5 7
1 19 7 18 5 5 5 7

Materials: 1
"Material02"
0.200000 0.200000 0.200000 1.000000
0.800000 0.800000 0.800000 1.000000
0.000000 0.000000 0.000000 1.000000
0.000000 0.000000 0.000000 1.000000
0.000000
1.000000
"_box-texture.png"
""

Bones: 0
GroupComments: 0
MaterialComments: 0
BoneComments: 0
ModelComment: 0
